  0   211     ** U49 CARboard testDAC channel H   [mV]   **	
  1     0                                         [mV]   **
  2   400     ** BL_PC       pin[B1]              [mV]   **
  3     0                                         [mV]   **
  4   550     ** TH_PC       pin[A3]              [mV]   **
  5     0                                         [mV]   **
  6     0                                         [mV]   **
  7     0                                         [mV]   **
  8  1800     ** PWR_ADJ_5       3.6 - PW_ADJ     [mV]   **
  9  2300     ** PWR_ADJ_6       3.6 - PW_ADJ     [mV]   **
 10  1800     ** PWR_ADJ_1       3.6 - PW_ADJ     [mV]   **	
 11  1800     ** PWR_ADJ_2       3.6 - PW_ADJ     [mV]   **
 12  1800     ** PWR_ADJ_7       3.6 - PW_ADJ     [mV]   **
 13  1800     ** PWR_ADJ_4       3.6 - PW_ADJ     [mV]   **
 14  1800     ** PWR_ADJ_3       3.6 - PW_ADJ     [mV]   **
 15  1800     ** PWR_ADJ_8       3.6 - PW_ADJ     [mV]   **
 16   616     ** VN_EXT                           [mV]   **
 17   926     ** VNCASC_EXT                       [mV]   **
 18   418     ** VNSF_EXT                         [mV]   **
 19  1238     ** VPTRIM_EXT                       [mV]   **
 20  1230     ** VPCOMP_EXT                       [mV]   **
 21  1309     ** VSENSBIAS_EXT                    [mV]   **
 22  1203     ** VBLR_EXT                         [mV]   **
 23   584     ** VNFB_CONT_EXT                    [mV]   **
 24  1279     ** VPFB_SW_EXT                      [mV]   **
 25  1025     ** VPBIAS_EXT                       [mV]   **
 26   333     ** SFOUTBUFF_THR_EXT                [mV]   **
 27     0
 28     0
 29     0 
 30     0
 31    31
 32    46
 33    61
 34    76
 35    91
 36   106
 37   121
 38   136
 39   151
 40   166
 41   181
 42   196
 43   211
 44   226
 45     1
 46    16
 47    47
 48    62
 49    77
 50    92
 51   107
 52   122
 53   137
 54   152
 55   167
 56   182
 57   197
 58   212
 59   227
 60     2
 61    17
 62    32
 63    63
 64    78
 65    93
 66   108
 67   123
 68   138
 69   153
 70   168
 71   183
 72   198
 73   213
 74   228
 75     3
 76    18
 77    33
 78    48
 79    79
 80    94
 81   109
 82   124
 83   139
 84   154
 85   169
 86   184
 87   199
 88   214
 89   229
 90     4
 91    19
 92    34
 93    49 
 94    64
 95    95
 96   110
 97   125
 98   140
 99   155
100   170
101   185
102   200
103   215
104   230
105     5
106    20
107    35
108    50
109    65
110    80
111   111
112   126
113   141
114   156
115   171
116   186
117   201
118   216
119   231
120     6
121    21
122    36
123    51
124    66
125    81
126    96
127   127
128   142
129   157
130   172
131   187
132   202
133   217
134   232
135     7
136    22
137    37
138    52
139    67
140    82
141    97
142   112
143   143
144   158
145   173
146   188
147   203
148   218
149   233
150     8
151    23
152    38
153    53
154    68
155    83
156    98
157   113
158   128
159   159
160   174
161   189
162   204
163   219
164   234
165     9
166    24
167    39
168    54
169    69
170    84
171    99
172   114
173   129
174   144
175   175
176   190
177   205
178   220
179   235
180    10
181    25
182    40
183    55
184    70
185    85
186   100
187   115
188   130
189   145
190   160
191   191
192   206
193   221
194   236
195    11
196    26
197    41
198    56
199    71
200    86
201   101
202   116
203   131
204   146
205   161
206   176
207   207
208   222
209   237
210    12
211    27
212    42
213    57
214    72
215    87
216   102
217   117
218   132
219   147
220   162
221   177
222   192
223   223
224   238
225    13
226    28
227    43
228    58
229    73
230    88
231   103
232   118
233   133
234   148
235   163
236   178
237   193
238   208
239   239
240   220     ** every 2nd column start 220   365  **
241   310     ** every 2nd column stop  766   506  **
242    64     ** row 1   64  **
243    65
244    66
245    67
246    64     ** row 35   200  / disabled 64 again **
247    65
248    66
249    67
250     0
251     0
252     0
253     0
254     0
255     0 