263174
263174
263174
263194
263214
263204
263164
263124
263204
263154
263204
263194
263224
263134
263164
263184
263174
263174
263164
263184
263394
263174
263184
263164
263184
263194
263164
263144
263154
263184
263164
263144
263164
263184
263154
263154
263164
263164
263154
263134
263164
263164
263184
263134
263184
263164
263144
263134
263154
263164
263154
263174
263174
263144
263134
263144
263154
263144
263144
263184
263134
263154
263124
263154
263124
263124
263124
263154
263154
263164
263154
263144
263144
263144
263114
263134
263164
263144
263174
263134
263114
263184
263144
263134
263134
263134
263174
263144
263144
263134
263134
263104
263154
263134
263124
263154
263154
263114
263144
263124
263134
263134
263144
263144
263144
263134
263114
263124
263124
263144
263104
263104
263164
263154
263134
263134
263144
263134
263154
263124
263134
263124
263154
263134
263134
263114
263144
263114
328700
328710
328740
328710
328740
328690
328740
328690
328770
328720
328730
328700
328720
328700
328680
328710
328700
328690
328720
328710
328720
328700
328700
328740
328670
328720
328700
328670
328710
328700
328690
328710
328720
328710
328690
328670
328700
328710
328680
328680
328680
328690
328710
328710
328720
328720
328710
328700
328700
328720
328660
328700
328690
328690
328700
328720
328660
328710
328690
328710
328690
328650
328670
328680
328710
328690
328680
328660
328690
328690
328670
328720
328700
328710
328710
328690
328710
328700
328730
328660
328680
328690
328640
328690
328700
328650
328660
328700
328680
328660
328650
328700
328660
328640
328700
328730
328700
328660
328670
328680
328670
328720
328670
328680
328700
328660
328660
328650
328670
328660
328670
328660
328640
328670
328680
328660
328660
328660
328680
328680
328670
328630
328670
328660
328690
328670
328680
328680
