918584
918604
918604
918594
918634
918604
918594
918614
918624
918644
918604
918624
918584
918664
918614
918594
918584
918594
918594
918594
918564
918544
918584
918544
918644
918584
918594
918594
918624
918584
918584
918614
918584
918614
918594
918554
918524
918554
918564
918584
918584
918574
918564
918604
918584
918554
918544
918544
918594
918544
918524
918584
918564
918554
918564
918524
918574
918544
918584
918534
918504
918574
918524
918574
918544
918544
918524
918524
918554
918544
918564
918574
918524
918584
918554
918544
918544
918544
918514
918524
918534
918534
918534
918554
918564
918524
918524
918514
918494
918534
918534
918514
918474
918524
918524
918504
918544
918524
918514
918544
918564
918514
918504
918524
918534
918504
918534
918524
918504
918514
918514
918514
918544
918504
918514
918514
918514
918554
918514
918534
918544
918514
918524
918494
918524
918494
918504
918524
984170
984150
984140
984150
984150
984140
984160
984160
984150
984090
984170
984170
984130
984210
984120
984120
984150
984180
984090
984080
984130
984170
984100
984100
984100
984140
984140
984130
984100
984110
984100
984080
984140
984120
984090
984090
984150
984110
984090
984100
984100
984130
984080
984120
984030
984090
984070
984130
984080
984090
984090
984100
984100
984100
984110
984090
984130
984080
984060
984100
984060
984060
984060
984050
984070
984080
984070
984110
984030
984090
984040
984090
984030
984070
984060
984120
984090
984060
984080
984090
984080
984090
984060
984070
984120
984110
984040
984030
984040
984060
984040
984080
984050
984070
984050
984050
984030
984090
984070
984070
984070
984060
984040
984060
984070
984080
984060
984060
984050
984030
984060
984060
984050
984030
984060
984050
984030
984020
984070
984050
984030
984030
984080
984020
984030
984070
984040
984070
