1442892
1442882
1442932
1442932
1442872
1442892
1442942
1442912
1442892
1442882
1442892
1442922
1442892
1442912
1442882
1442902
1442862
1442862
1442882
1442872
1442872
1442902
1442922
1442882
1442852
1442872
1442862
1442892
1442902
1442912
1442902
1442872
1442802
1442872
1442862
1442862
1442832
1442832
1442872
1442892
1442842
1442852
1442902
1442862
1442832
1442822
1442842
1442842
1442852
1442852
1442852
1442822
1442832
1442892
1442812
1442862
1442862
1442822
1442802
1442832
1442822
1442822
1442862
1442822
1442822
1442822
1442822
1442832
1442862
1442802
1442822
1442792
1442822
1442782
1442842
1442852
1442862
1442792
1442822
1442792
1442832
1442842
1442862
1442802
1442822
1442802
1442832
1442802
1442792
1442792
1442802
1442822
1442792
1442852
1442792
1442842
1442802
1442802
1442832
1442812
1442792
1442782
1442812
1442802
1442802
1442782
1442802
1442792
1442782
1442812
1442812
1442782
1442762
1442772
1442802
1443042
1442792
1442772
1442762
1442782
1442762
1442802
1442792
1442792
1442802
1442792
1442772
1442782
1508458
1508468
1508468
1508478
1508478
1508428
1508418
1508428
1508428
1508458
1508458
1508428
1508418
1508398
1508448
1508418
1508418
1508528
1508398
1508418
1508408
1508388
1508438
1508418
1508378
1508388
1508418
1508428
1508348
1508378
1508398
1508398
1508368
1508408
1508388
1508398
1508388
1508358
1508428
1508418
1508408
1508408
1508368
1508388
1508358
1508368
1508398
1508388
1508398
1508358
1508348
1508358
1508378
1508368
1508388
1508358
1508378
1508388
1508348
1508348
1508338
1508348
1508388
1508348
1508378
1508408
1508388
1508368
1508358
1508328
1508338
1508368
1508318
1508318
1508328
1508328
1508318
1508378
1508358
1508368
1508348
1508398
1508348
1508338
1508328
1508348
1508318
1508338
1508358
1508328
1508348
1508328
1508358
1508338
1508348
1508358
1508328
1508328
1508308
1508338
1508328
1508308
1508308
1508338
1508338
1508328
1508318
1508338
1508338
1508318
1508308
1508318
1508318
1508338
1508308
1508298
1508338
1508288
1508308
1508338
1508348
1508298
1508368
1508308
1508308
1508328
1508318
1508318
