1705056
1705036
1705056
1705066
1705046
1705086
1705006
1705026
1705066
1705036
1705016
1705086
1705026
1705046
1705016
1705076
1705036
1705016
1705056
1705016
1705006
1705046
1705016
1704986
1705026
1705186
1705036
1705016
1705036
1705026
1704986
1705006
1704976
1705036
1705026
1705016
1705026
1705036
1704996
1704996
1705026
1705006
1705016
1704986
1705026
1704996
1705006
1704966
1704976
1705006
1704996
1704996
1704956
1704996
1704956
1704996
1704976
1704986
1704976
1704986
1704986
1705016
1704996
1704966
1704986
1704966
1704976
1704956
1704996
1704956
1704936
1704956
1704956
1704946
1704976
1704966
1704986
1704986
1704926
1705006
1704936
1704936
1704926
1704996
1704996
1704986
1704936
1705016
1704946
1704956
1704936
1704976
1705006
1704936
1704936
1704976
1704956
1704936
1704926
1704946
1704976
1704986
1704946
1704926
1704936
1704966
1704946
1704916
1704936
1704936
1704956
1704956
1704966
1704956
1704976
1704936
1704936
1704926
1704956
1704946
1704956
1704926
1704916
1704946
1704926
1704946
1704946
1704926
1770612
1770572
1770592
1770592
1770612
1770572
1770552
1770592
1770582
1770592
1770532
1770552
1770562
1770552
1770592
1770562
1770592
1770612
1770542
1770632
1770532
1770582
1770572
1770572
1770572
1770542
1770512
1770592
1770592
1770572
1770562
1770552
1770592
1770532
1770552
1770542
1770542
1770572
1770522
1770562
1770542
1770552
1770502
1770552
1770572
1770502
1770472
1770522
1770512
1770522
1770552
1770532
1770502
1770502
1770522
1770522
1770482
1770522
1770522
1770492
1770502
1770492
1770492
1770522
1770522
1770492
1770512
1770502
1770482
1770482
1770482
1770502
1770512
1770492
1770492
1770502
1770492
1770462
1770492
1770492
1770512
1770512
1770472
1770512
1770522
1770502
1770462
1770502
1770482
1770472
1770502
1770492
1770462
1770482
1770482
1770482
1770472
1770502
1770482
1770512
1770492
1770462
1770492
1770492
1770452
1770472
1770482
1770502
1770502
1770472
1770482
1770452
1770462
1770482
1770472
1770452
1770502
1770532
1770492
1770452
1770462
1770472
1770502
1770472
1770492
1770512
1770452
1770462
