525378
525378
525318
525348
525378
525348
525298
525318
525338
525328
525328
525338
525338
525308
525328
525318
525408
525328
525348
525358
525348
525338
525398
525288
525328
525318
525328
525328
525328
525288
525298
525328
525308
525338
525328
525358
525308
525278
525338
525338
525328
525358
525268
525318
525318
525268
525318
525278
525298
525328
525288
525298
525268
525298
525308
525308
525318
525298
525318
525308
525308
525298
525328
525308
525308
525298
525298
525278
525268
525288
525278
525288
525278
525278
525288
525288
525318
525298
525288
525258
525258
525298
525288
525288
525278
525288
525268
525288
525298
525298
525288
525268
525288
525268
525278
525308
525278
525278
525268
525268
525278
525288
525298
525268
525278
525288
525288
525278
525278
525288
525258
525258
525288
525278
525258
525288
525268
525278
525278
525248
525268
525268
525278
525288
525268
525268
525258
525258
590874
590884
590884
590884
590894
590884
590864
590864
590884
590904
590864
590864
590874
590884
590864
590864
590854
590864
590864
590874
590834
590884
590894
590844
590894
590884
590884
590824
590844
590864
590894
590854
590894
590864
590844
590834
590864
590854
590834
590844
590814
590854
590844
590834
590854
590874
590864
590864
590834
590824
590844
590844
590854
590824
590824
590804
590854
590814
590834
590854
590814
590844
590794
590804
590874
590864
590824
590814
590814
590854
590844
590814
590844
590794
590844
590834
590824
590824
590824
590834
590834
590814
590814
590824
590844
590824
590814
590804
590814
590824
590834
590804
590834
590844
590804
590864
590794
590814
590834
590834
590804
590804
590824
590794
590774
590804
590804
590844
590794
590794
590814
590804
590824
590814
590814
590814
590804
590804
590794
590804
590814
590804
590794
590804
590784
590824
590804
590774
