132142
132132
132142
132152
132112
132112
132192
132142
132152
132132
132112
132162
132172
132092
132192
132152
132122
132162
132152
132122
132152
132152
132112
132122
132112
132152
132102
132102
132132
132092
132142
132122
132122
132132
132152
132122
132092
132122
132092
132142
132142
132142
132132
132092
132112
132112
132152
132112
132122
132142
132072
132112
132142
132092
132132
132082
132082
132092
132092
132112
132082
132122
132122
132132
132072
132112
132082
132082
132132
132122
132112
132092
132102
132102
132062
132062
132072
132092
132072
132122
132142
132102
132072
132082
132092
132072
132092
132082
132102
132122
132092
132092
132072
132092
132062
132102
132072
132112
132072
132072
132072
132082
132092
132082
132052
132072
132102
132082
132102
132072
132102
132122
132062
132082
132072
132092
132112
132062
132092
132072
132072
132132
132072
132082
132082
132062
132072
132072
197708
197688
197698
197698
197688
197758
197688
197658
197688
197678
197648
197688
197688
197648
197678
197648
197668
197668
197668
197658
197658
197698
197698
197728
197668
197678
197668
197738
197688
197658
197678
197648
197668
197658
197678
197708
197628
197678
197668
197648
197658
197648
197658
197658
197648
197668
197628
197648
197648
197638
197658
197678
197648
197628
197648
197638
197648
197638
197648
197618
197598
197658
197598
197648
197648
197638
197628
197658
197618
197658
197658
197628
197658
197618
197618
197628
197638
197598
197668
197628
197638
197658
197618
197638
197598
197578
197608
197618
197638
197618
197628
197638
197628
197638
197598
197608
197608
197598
197608
197628
197628
197618
197598
197598
197638
197628
197608
197618
197628
197628
197608
197598
197608
197598
197638
197618
197618
197598
197588
197608
197618
197628
197618
197618
197618
197608
197628
197628
