656430
656400
656450
656420
656420
656460
656380
656410
656440
656410
656430
656420
656440
656400
656380
656420
656380
656400
656430
656390
656370
656410
656390
656390
656400
656410
656390
656410
656380
656420
656380
656430
656380
656380
656370
656390
656390
656360
656350
656360
656370
656390
656380
656370
656380
656390
656370
656370
656350
656410
656400
656370
656380
656380
656350
656390
656390
656410
656380
656370
656370
656370
656330
656350
656400
656410
656350
656340
656360
656350
656350
656370
656370
656360
656380
656370
656340
656340
656360
656350
656360
656380
656340
656340
656360
656380
656350
656320
656390
656390
656360
656340
656360
656340
656350
656350
656380
656350
656350
656340
656360
656350
656370
656360
656370
656360
656330
656340
656340
656380
656350
656330
656360
656340
656360
656340
656330
656380
656330
656340
656350
656310
656330
656330
656330
656330
656330
656340
721976
721986
721986
721946
721926
721976
721956
721916
721936
721966
721936
721946
721926
721916
721986
721956
721926
721966
721916
721946
721916
721946
721916
721896
721936
721896
721926
721926
721916
721936
721916
721956
721936
721936
721906
721886
721916
721956
721896
721956
721946
721906
721866
721946
721926
721876
721896
721896
721916
721896
721926
721916
721916
721906
721926
721916
721936
721916
721896
721936
721866
721886
721926
721936
721906
721906
721896
721906
721896
721906
721906
721916
721906
721906
721886
721916
721926
721906
721886
721906
721916
721916
721856
721876
721866
721896
721876
721906
721886
721906
721896
721886
721906
721876
721876
721866
721866
721906
721886
721906
721876
721886
721896
721866
721886
721896
721886
721886
721896
721886
721866
721896
721886
721866
721876
721886
721876
721886
721866
721886
721896
721856
721876
721866
721866
721936
721886
721866
