1100
1090
1090
1070
1090
1070
1060
1090
1060
1070
1060
1070
1060
1050
1060
1060
1050
1050
1080
1070
1030
1030
1120
1080
1080
1040
1060
1040
1050
1030
1070
1030
1050
1110
1060
1070
1060
1020
1060
1040
1020
1030
1080
1040
1060
1040
1060
1020
1040
1020
1010
1040
1050
1040
1020
1050
1050
1000
1010
1020
1010
1040
1070
1030
1020
1020
1030
1040
1050
1040
1050
1030
990
1030
980
1000
980
1030
1000
1010
980
990
1010
1000
1020
1000
990
990
1000
1000
1010
1000
1030
1020
990
1000
1000
1030
1020
990
1040
1030
1000
1010
1010
1010
990
990
970
1010
1010
1030
1000
1010
990
1030
1040
1020
1030
1040
1040
1030
1010
1000
1020
1000
1030
1000
66576
66566
66636
66606
66626
66566
66636
66586
66626
66616
66606
66596
66596
66616
66596
66576
66626
66626
66616
66586
66606
66596
66586
66566
66576
66606
66616
66666
66566
66566
66576
66526
66576
66586
66596
66586
66596
66586
66566
66596
66576
66596
66566
66576
66576
66586
66596
66566
66576
66586
66606
66566
66576
66586
66556
66586
66566
66576
66576
66576
66586
66536
66556
66526
66576
66556
66556
66556
66576
66636
66576
66556
66536
66556
66546
66566
66526
66536
66566
66576
66566
66566
66546
66536
66556
66536
66556
66506
66546
66536
66536
66516
66566
66576
66556
66546
66536
66556
66516
66506
66546
66556
66546
66526
66566
66546
66536
66566
66536
66536
66546
66586
66586
66556
66546
66556
66546
66536
66526
66536
66566
66526
66576
66546
66516
66586
66536
66526
132142
132132
132142
132152
132112
132112
132192
132142
132152
132132
132112
132162
132172
132092
132192
132152
132122
132162
132152
132122
132152
132152
132112
132122
132112
132152
132102
132102
132132
132092
132142
132122
132122
132132
132152
132122
132092
132122
132092
132142
132142
132142
132132
132092
132112
132112
132152
132112
132122
132142
132072
132112
132142
132092
132132
132082
132082
132092
132092
132112
132082
132122
132122
132132
132072
132112
132082
132082
132132
132122
132112
132092
132102
132102
132062
132062
132072
132092
132072
132122
132142
132102
132072
132082
132092
132072
132092
132082
132102
132122
132092
132092
132072
132092
132062
132102
132072
132112
132072
132072
132072
132082
132092
132082
132052
132072
132102
132082
132102
132072
132102
132122
132062
132082
132072
132092
132112
132062
132092
132072
132072
132132
132072
132082
132082
132062
132072
132072
197708
197688
197698
197698
197688
197758
197688
197658
197688
197678
197648
197688
197688
197648
197678
197648
197668
197668
197668
197658
197658
197698
197698
197728
197668
197678
197668
197738
197688
197658
197678
197648
197668
197658
197678
197708
197628
197678
197668
197648
197658
197648
197658
197658
197648
197668
197628
197648
197648
197638
197658
197678
197648
197628
197648
197638
197648
197638
197648
197618
197598
197658
197598
197648
197648
197638
197628
197658
197618
197658
197658
197628
197658
197618
197618
197628
197638
197598
197668
197628
197638
197658
197618
197638
197598
197578
197608
197618
197638
197618
197628
197638
197628
197638
197598
197608
197608
197598
197608
197628
197628
197618
197598
197598
197638
197628
197608
197618
197628
197628
197608
197598
197608
197598
197638
197618
197618
197598
197588
197608
197618
197628
197618
197618
197618
197608
197628
197628
263204
263214
263214
263244
263254
263244
263194
263174
263234
263194
263244
263224
263244
263164
263184
263204
263204
263214
263184
263224
263224
263214
263214
263204
263224
263224
263194
263174
263184
263224
263214
263174
263194
263184
263184
263194
263214
263194
263204
263154
263184
263194
263214
263174
263214
263204
263174
263164
263174
263194
263194
263214
263194
263164
263164
263184
263184
263174
263174
263224
263154
263204
263154
263214
263144
263164
263164
263184
263194
263184
263184
263184
263174
263164
263144
263164
263184
263154
263204
263154
263144
263204
263164
263164
263164
263164
263194
263174
263164
263164
263164
263134
263194
263154
263144
263184
263174
263144
263164
263144
263144
263154
263194
263164
263164
263164
263134
263144
263144
263174
263134
263134
263194
263164
263154
263154
263174
263154
263184
263154
263144
263144
263174
263154
263154
263144
263164
263144
328740
328760
328770
328740
328790
328740
328780
328720
328810
328760
328780
328730
328740
328730
328730
328740
328720
328720
328760
328750
328740
328730
328750
328790
328710
328750
328720
328700
328740
328750
328730
328730
328750
328750
328720
328710
328730
328740
328720
328710
328700
328710
328740
328740
328760
328740
328720
328750
328740
328750
328690
328720
328710
328720
328720
328750
328700
328750
328710
328710
328730
328680
328700
328710
328740
328740
328710
328690
328730
328710
328720
328750
328730
328740
328770
328700
328720
328710
328760
328700
328710
328690
328670
328720
328740
328680
328680
328720
328710
328680
328680
328730
328690
328650
328710
328730
328720
328670
328690
328710
328690
328730
328700
328710
328710
328680
328700
328660
328690
328680
328690
328670
328670
328670
328700
328680
328670
328680
328700
328710
328680
328660
328690
328680
328720
328700
328710
328690
394316
394346
394306
394296
394310
394326
394346
394296
394336
394356
394316
394316
394296
394296
394306
394306
394266
394276
394286
394316
394286
394306
394286
394266
394276
394296
394266
394306
394286
394276
394276
394276
394266
394306
394266
394286
394286
394286
394276
394296
394266
394266
394256
394276
394306
394276
394256
394276
394266
394236
394266
394286
394256
394236
394226
394266
394246
394286
394256
394236
394236
394276
394246
394236
394276
394236
394236
394276
394246
394276
394216
394276
394256
394256
394246
394246
394236
394236
394236
394266
394236
394286
394226
394276
394246
394246
394276
394246
394236
394226
394226
394236
394256
394216
394236
394226
394246
394246
394256
394216
394226
394226
394246
394246
394216
394276
394216
394226
394226
394216
394226
394216
394226
394206
394176
394216
394216
394226
394206
394206
394266
394196
394206
394216
394206
394216
394216
394246
459852
459882
459832
459852
459822
459892
459842
459882
459832
459862
459822
459862
459802
459802
459832
459842
459842
459792
459852
459842
459832
459812
459822
459832
459802
459832
459792
459812
459802
459812
459862
459832
459792
459812
459792
459802
459842
459812
459812
459802
459782
459792
459782
459782
459812
459802
459782
459792
459782
459802
459782
459782
459792
459792
459852
459782
459772
459772
459802
459802
459772
459802
459792
459772
459802
459742
459832
459792
459762
459782
459802
459762
459792
459802
459782
459762
459772
459782
459782
459742
459812
459792
459792
459752
459802
459782
459812
459762
459722
459792
459772
459742
459772
459752
459812
459782
459742
459792
459762
459762
459742
459772
459762
459782
459782
459782
459782
459742
459732
459772
459732
459752
459772
459762
459762
459782
459762
459762
459752
459762
459802
459752
459762
459732
459742
459742
459762
459752
525438
525418
525358
525398
525408
525418
525328
525348
525388
525358
525378
525368
525368
525358
525378
525338
525448
525378
525398
525398
525378
525388
525418
525328
525358
525358
525368
525378
525368
525328
525328
525388
525338
525378
525358
525378
525328
525308
525368
525368
525368
525388
525308
525358
525348
525298
525358
525308
525338
525368
525318
525338
525298
525328
525328
525338
525358
525328
525348
525338
525338
525328
525348
525328
525338
525318
525318
525308
525298
525318
525308
525308
525298
525298
525318
525328
525338
525348
525318
525288
525288
525318
525318
525298
525298
525318
525308
525318
525318
525318
525318
525288
525308
525328
525308
525308
525298
525318
525308
525298
525318
525318
525308
525288
525318
525328
525318
525308
525308
525318
525278
525278
525308
525298
525268
525328
525278
525308
525288
525288
525288
525298
525308
525298
525298
525288
525288
525288
590924
590934
590914
590934
590934
590944
590924
590904
590934
590934
590904
590904
590914
590914
590904
590924
590894
590904
590894
590904
590874
590904
590944
590884
590934
590904
590924
590854
590874
590914
590934
590894
590944
590924
590884
590864
590904
590874
590864
590894
590854
590904
590874
590864
590894
590904
590904
590884
590874
590864
590844
590874
590894
590874
590854
590834
590874
590844
590864
590884
590854
590874
590834
590834
590914
590894
590844
590844
590844
590884
590874
590854
590874
590824
590884
590874
590844
590824
590834
590844
590854
590844
590844
590844
590874
590844
590834
590824
590834
590844
590834
590834
590864
590874
590844
590894
590814
590834
590844
590834
590834
590834
590844
590824
590804
590814
590824
590874
590814
590814
590844
590824
590854
590824
590844
590844
590834
590824
590824
590844
590844
590844
590814
590824
590804
590844
590824
590804
656470
656450
656500
656460
656460
656480
656420
656450
656460
656450
656490
656450
656480
656450
656430
656450
656420
656440
656490
656430
656410
656450
656420
656430
656430
656430
656450
656450
656420
656460
656400
656460
656430
656430
656410
656440
656420
656400
656390
656390
656400
656430
656430
656420
656400
656430
656390
656410
656390
656450
656430
656410
656410
656410
656380
656420
656430
656440
656400
656390
656390
656400
656350
656390
656440
656490
656370
656370
656390
656380
656380
656390
656410
656380
656400
656390
656370
656360
656380
656380
656400
656400
656370
656360
656380
656400
656390
656340
656390
656410
656400
656370
656370
656360
656370
656370
656400
656380
656370
656370
656390
656360
656390
656390
656390
656380
656350
656370
656350
656410
656370
656350
656390
656360
656400
656350
656360
656390
656350
656350
656370
656340
656350
656350
656350
656360
656340
656360
722026
722046
722036
721996
721976
722016
721996
721956
721976
722016
721966
721976
721946
721966
722046
721986
721966
722006
721956
721966
721956
721976
721956
721936
721966
721936
721966
721966
721976
721956
721956
721996
721976
721976
721966
721916
721946
721986
721916
721996
721956
721946
721896
721996
721966
721896
721936
721926
721946
721926
721966
721926
721936
721946
721946
721946
721966
721956
721926
721956
721886
721916
721956
721946
721936
721906
721926
721926
721926
721936
721936
721936
721926
721946
721896
721926
721956
721926
721916
721956
721936
721946
721876
721896
721886
721926
721906
721926
721906
721946
721936
721906
721936
721896
721906
721886
721896
721946
721926
721926
721896
721906
721896
721876
721916
721906
721896
721926
721906
721906
721896
721906
721906
721896
721896
721926
721906
721906
721896
721936
721926
721886
721896
721906
721886
721936
721906
721896
787532
787502
787532
787532
787552
787562
787522
787512
787522
787542
787512
787552
787502
787542
787532
787542
787492
787502
787512
787472
787532
787552
787482
787532
787522
787482
787512
787512
787522
787552
787492
787502
787532
787492
787482
787482
787492
787462
787502
787492
787542
787492
787482
787472
787482
787472
787472
787502
787462
787542
787512
787442
787512
787492
787462
787492
787492
787462
787472
787442
787482
787462
787482
787482
787492
787482
787462
787472
787522
787472
787452
787442
787462
787462
787462
787472
787492
787462
787452
787452
787462
787492
787482
787472
787472
787492
787492
787442
787432
787472
787462
787472
787462
787432
787442
787442
787442
787442
787432
787462
787502
787442
787432
787432
787422
787442
787472
787422
787442
787442
787442
787442
787442
787452
787452
787472
787442
787412
787412
787462
787432
787432
787442
787422
787452
787442
787422
787442
853078
853038
853058
853118
853098
853068
853028
853108
853058
853078
853018
853048
853028
853038
853048
853048
853088
853058
853038
853038
853028
853058
853028
853048
853038
853088
853058
853078
853038
852998
853058
853028
853058
853058
853088
853028
853028
853048
853058
853028
853008
853058
853038
853018
853028
853008
853018
852998
853028
853008
853018
852998
852988
853008
853028
853018
853028
853028
852998
853008
853018
853018
853008
853008
852978
853038
853018
852988
853018
852978
853038
853018
853018
852988
852988
853008
852988
853028
852978
853008
852998
852988
853008
853018
853048
852998
853048
852958
852968
852988
852978
853008
852988
852978
852958
852988
853018
852978
852968
853018
853038
852988
852998
852958
852978
852978
852988
852988
852978
852968
852998
852968
852978
852968
852998
852958
852978
852978
852968
852948
852968
852998
852988
852978
852948
852988
852968
852978
918584
918604
918604
918594
918634
918604
918594
918614
918624
918644
918604
918624
918584
918664
918614
918594
918584
918594
918594
918594
918564
918544
918584
918544
918644
918584
918594
918594
918624
918584
918584
918614
918584
918614
918594
918554
918524
918554
918564
918584
918584
918574
918564
918604
918584
918554
918544
918544
918594
918544
918524
918584
918564
918554
918564
918524
918574
918544
918584
918534
918504
918574
918524
918574
918544
918544
918524
918524
918554
918544
918564
918574
918524
918584
918554
918544
918544
918544
918514
918524
918534
918534
918534
918554
918564
918524
918524
918514
918494
918534
918534
918514
918474
918524
918524
918504
918544
918524
918514
918544
918564
918514
918504
918524
918534
918504
918534
918524
918504
918514
918514
918514
918544
918504
918514
918514
918514
918554
918514
918534
918544
918514
918524
918494
918524
918494
918504
918524
984170
984150
984140
984150
984150
984140
984160
984160
984150
984090
984170
984170
984130
984210
984120
984120
984150
984180
984090
984080
984130
984170
984100
984100
984100
984140
984140
984130
984100
984110
984100
984080
984140
984120
984090
984090
984150
984110
984090
984100
984100
984130
984080
984120
984030
984090
984070
984130
984080
984090
984090
984100
984100
984100
984110
984090
984130
984080
984060
984100
984060
984060
984060
984050
984070
984080
984070
984110
984030
984090
984040
984090
984030
984070
984060
984120
984090
984060
984080
984090
984080
984090
984060
984070
984120
984110
984040
984030
984040
984060
984040
984080
984050
984070
984050
984050
984030
984090
984070
984070
984070
984060
984040
984060
984070
984080
984060
984060
984050
984030
984060
984060
984050
984030
984060
984050
984030
984020
984070
984050
984030
984030
984080
984020
984030
984070
984040
984070
1049706
1049676
1049676
1049686
1049676
1049696
1049696
1049666
1049656
1049666
1049676
1049636
1049676
1049656
1049646
1049666
1049666
1049666
1049666
1049666
1049676
1049616
1049686
1049636
1049636
1049646
1049656
1049646
1049626
1049626
1049626
1049656
1049636
1049646
1049666
1049636
1049676
1049686
1049636
1049676
1049656
1049666
1049636
1049616
1049656
1049666
1049606
1049646
1049656
1049646
1049656
1049616
1049666
1049616
1049616
1049606
1049606
1049626
1049626
1049656
1049616
1049616
1049616
1049666
1049606
1049606
1049586
1049596
1049566
1049596
1049596
1049616
1049596
1049626
1049596
1049596
1049586
1049596
1049626
1049616
1049566
1049606
1049576
1049576
1049596
1049646
1049596
1049606
1049566
1049586
1049556
1049586
1049616
1049616
1049556
1049586
1049586
1049586
1049576
1049596
1049616
1049586
1049596
1049606
1049596
1049576
1049596
1049576
1049616
1049586
1049586
1049586
1049566
1049556
1049586
1049566
1049616
1049596
1049546
1049576
1049576
1049596
1049596
1049596
1049596
1049596
1049596
1049586
1115252
1115222
1115252
1115212
1115202
1115242
1115222
1115182
1115252
1115202
1115162
1115192
1115202
1115202
1115212
1115212
1115222
1115192
1115202
1115182
1115182
1115232
1115202
1115182
1115192
1115162
1115182
1115172
1115232
1115172
1115172
1115182
1115162
1115162
1115192
1115212
1115202
1115162
1115142
1115202
1115192
1115232
1115162
1115172
1115152
1115212
1115142
1115152
1115162
1115142
1115182
1115182
1115152
1115162
1115172
1115192
1115182
1115172
1115142
1115142
1115172
1115152
1115162
1115152
1115152
1115162
1115132
1115172
1115172
1115142
1115142
1115162
1115122
1115132
1115122
1115162
1115142
1115122
1115142
1115142
1115152
1115172
1115142
1115122
1115162
1115172
1115202
1115122
1115132
1115132
1115132
1115112
1115102
1115152
1115102
1115112
1115132
1115132
1115102
1115102
1115102
1115092
1115132
1115132
1115142
1115122
1115102
1115112
1115122
1115132
1115112
1115132
1115102
1115092
1115142
1115092
1115122
1115112
1115152
1115152
1115142
1115112
1115092
1115142
1115152
1115102
1115122
1115112
1180758
1180808
1180778
1180778
1180748
1180758
1180748
1180738
1180748
1180798
1180748
1180728
1180738
1180778
1180768
1180758
1180758
1180758
1180688
1180738
1180708
1180728
1180728
1180698
1180738
1180748
1180748
1180718
1180678
1180698
1180728
1180738
1180748
1180718
1180698
1180688
1180688
1180728
1180708
1180738
1180698
1180718
1180708
1180738
1180708
1180688
1180708
1180708
1180688
1180708
1180698
1180688
1180728
1180748
1180668
1180698
1180658
1180678
1180708
1180718
1180688
1180688
1180708
1180678
1180698
1180678
1180658
1180678
1180688
1180698
1180698
1180698
1180658
1180638
1180668
1180668
1180708
1180688
1180688
1180648
1180658
1180628
1180668
1180668
1180658
1180688
1180678
1180708
1180648
1180688
1180658
1180698
1180648
1180678
1180688
1180638
1180668
1180678
1180628
1180678
1180688
1180678
1180658
1180688
1180658
1180628
1180638
1180698
1180628
1180668
1180638
1180678
1180658
1180638
1180648
1180668
1180658
1180708
1180658
1180658
1180638
1180648
1180668
1180648
1180628
1180618
1180668
1180648
1246304
1246334
1246284
1246304
1246314
1246334
1246274
1246274
1246294
1246294
1246274
1246354
1246314
1246274
1246294
1246264
1246264
1246304
1246284
1246274
1246294
1246254
1246274
1246294
1246254
1246274
1246274
1246244
1246274
1246234
1246244
1246244
1246304
1246244
1246244
1246234
1246214
1246224
1246264
1246234
1246244
1246274
1246224
1246254
1246224
1246234
1246304
1246224
1246234
1246234
1246264
1246234
1246244
1246264
1246234
1246224
1246244
1246214
1246264
1246234
1246234
1246224
1246244
1246224
1246224
1246234
1246234
1246224
1246204
1246204
1246204
1246184
1246224
1246214
1246204
1246204
1246184
1246234
1246214
1246194
1246194
1246234
1246204
1246194
1246204
1246184
1246244
1246184
1246204
1246244
1246184
1246184
1246204
1246194
1246194
1246174
1246204
1246184
1246194
1246164
1246204
1246174
1246214
1246174
1246164
1246194
1246174
1246184
1246184
1246204
1246254
1246164
1246194
1246204
1246174
1246164
1246164
1246174
1246174
1246174
1246164
1246174
1246204
1246204
1246184
1246174
1246164
1246214
1311870
1311850
1311790
1311840
1311820
1311850
1311830
1311870
1311810
1311820
1311860
1311810
1311820
1311800
1311780
1311780
1311810
1311820
1311810
1311790
1311820
1311810
1311850
1311830
1311770
1311800
1311800
1311770
1311810
1311810
1311840
1311810
1311780
1311800
1311760
1311790
1311830
1311760
1311790
1311770
1311780
1311780
1311750
1311790
1311800
1311780
1311790
1311790
1311800
1311790
1311800
1311800
1311770
1311720
1311770
1311800
1311710
1311730
1311760
1311760
1311730
1311780
1311770
1311790
1311730
1311770
1311750
1311700
1311780
1311720
1311740
1311760
1311780
1311700
1311750
1311730
1311760
1311730
1311740
1311760
1311720
1311760
1311760
1311740
1311720
1311750
1311730
1311750
1311710
1311740
1311730
1311740
1311770
1311760
1311720
1311720
1311740
1311730
1311750
1311740
1311730
1311730
1311720
1311710
1311710
1311710
1311750
1311700
1311750
1311710
1311720
1311750
1311710
1311700
1311700
1311710
1311710
1311720
1311750
1311710
1311740
1311710
1311710
1311690
1311720
1311700
1311720
1311700
1377406
1377376
1377376
1377366
1377376
1377396
1377386
1377316
1377336
1377396
1377366
1377376
1377336
1377366
1377386
1377316
1377406
1377326
1377366
1377316
1377406
1377356
1377346
1377306
1377316
1377346
1377346
1377326
1377346
1377346
1377326
1377306
1377366
1377336
1377376
1377316
1377306
1377356
1377356
1377316
1377316
1377306
1377316
1377326
1377306
1377316
1377296
1377306
1377326
1377296
1377316
1377366
1377326
1377296
1377326
1377286
1377356
1377306
1377276
1377316
1377316
1377326
1377326
1377276
1377306
1377256
1377246
1377296
1377276
1377286
1377266
1377306
1377276
1377266
1377296
1377256
1377326
1377286
1377296
1377296
1377296
1377276
1377276
1377276
1377266
1377326
1377246
1377306
1377256
1377286
1377286
1377296
1377276
1377296
1377276
1377286
1377256
1377266
1377286
1377246
1377236
1377226
1377276
1377256
1377286
1377286
1377266
1377276
1377286
1377256
1377246
1377236
1377246
1377266
1377236
1377246
1377246
1377256
1377256
1377246
1377236
1377256
1377226
1377256
1377246
1377236
1377246
1377246
1442892
1442882
1442932
1442932
1442872
1442892
1442942
1442912
1442892
1442882
1442892
1442922
1442892
1442912
1442882
1442902
1442862
1442862
1442882
1442872
1442872
1442902
1442922
1442882
1442852
1442872
1442862
1442892
1442902
1442912
1442902
1442872
1442802
1442872
1442862
1442862
1442832
1442832
1442872
1442892
1442842
1442852
1442902
1442862
1442832
1442822
1442842
1442842
1442852
1442852
1442852
1442822
1442832
1442892
1442812
1442862
1442862
1442822
1442802
1442832
1442822
1442822
1442862
1442822
1442822
1442822
1442822
1442832
1442862
1442802
1442822
1442792
1442822
1442782
1442842
1442852
1442862
1442792
1442822
1442792
1442832
1442842
1442862
1442802
1442822
1442802
1442832
1442802
1442792
1442792
1442802
1442822
1442792
1442852
1442792
1442842
1442802
1442802
1442832
1442812
1442792
1442782
1442812
1442802
1442802
1442782
1442802
1442792
1442782
1442812
1442812
1442782
1442762
1442772
1442802
1442892
1442792
1442772
1442762
1442782
1442762
1442802
1442792
1442792
1442802
1442792
1442772
1442782
1508458
1508468
1508468
1508478
1508478
1508428
1508418
1508428
1508428
1508458
1508458
1508428
1508418
1508398
1508448
1508418
1508418
1508428
1508398
1508418
1508408
1508388
1508438
1508418
1508378
1508388
1508418
1508428
1508348
1508378
1508398
1508398
1508368
1508408
1508388
1508398
1508388
1508358
1508428
1508418
1508408
1508408
1508368
1508388
1508358
1508368
1508398
1508388
1508398
1508358
1508348
1508358
1508378
1508368
1508388
1508358
1508378
1508388
1508348
1508348
1508338
1508348
1508388
1508348
1508378
1508408
1508388
1508368
1508358
1508328
1508338
1508368
1508318
1508318
1508328
1508328
1508318
1508378
1508358
1508368
1508348
1508398
1508348
1508338
1508328
1508348
1508318
1508338
1508358
1508328
1508348
1508328
1508358
1508338
1508348
1508358
1508328
1508328
1508308
1508338
1508328
1508308
1508308
1508338
1508338
1508328
1508318
1508338
1508338
1508318
1508308
1508318
1508318
1508338
1508308
1508298
1508338
1508288
1508308
1508338
1508348
1508298
1508368
1508308
1508308
1508328
1508318
1508318
1573954
1573974
1573974
1573994
1573964
1573984
1574044
1573994
1573994
1573984
1573964
1573944
1573984
1573964
1573964
1573944
1574004
1573994
1573964
1573954
1573974
1573974
1573964
1573934
1573934
1573964
1573934
1573904
1573944
1573924
1573924
1573924
1573934
1573934
1573904
1573924
1573924
1573974
1573894
1573904
1573964
1573924
1573894
1573924
1573924
1573914
1573894
1573914
1573944
1573914
1573884
1573934
1573904
1573904
1573934
1573914
1573924
1573894
1573894
1573934
1573914
1573874
1573914
1573914
1573884
1573864
1573904
1573904
1573914
1573904
1573914
1573914
1573884
1573914
1573864
1573874
1573884
1573884
1573904
1573894
1573894
1573894
1573844
1573894
1573864
1573874
1573864
1573854
1573864
1573884
1573854
1573874
1573844
1573944
1573834
1573854
1573884
1573874
1573884
1573864
1573864
1573844
1573864
1573874
1573904
1573874
1573904
1573864
1573864
1573824
1573884
1573874
1573874
1573864
1573854
1573864
1573864
1573864
1573864
1573854
1573834
1573854
1573854
1573844
1573864
1573834
1573884
1573854
1639520
1639520
1639530
1639520
1639530
1639540
1639510
1639550
1639510
1639520
1639490
1639510
1639510
1639480
1639540
1639490
1639450
1639480
1639500
1639460
1639450
1639470
1639540
1639490
1639480
1639430
1639460
1639500
1639450
1639480
1639480
1639490
1639490
1639460
1639440
1639460
1639460
1639450
1639450
1639470
1639460
1639470
1639430
1639460
1639450
1639450
1639490
1639460
1639430
1639460
1639470
1639450
1639450
1639460
1639440
1639450
1639440
1639430
1639420
1639420
1639440
1639420
1639420
1639470
1639410
1639410
1639440
1639400
1639430
1639460
1639430
1639410
1639400
1639420
1639470
1639390
1639430
1639400
1639420
1639420
1639430
1639400
1639400
1639390
1639400
1639440
1639400
1639390
1639410
1639430
1639430
1639410
1639430
1639440
1639370
1639380
1639400
1639430
1639380
1639430
1639440
1639420
1639410
1639440
1639390
1639400
1639410
1639380
1639400
1639400
1639390
1639400
1639370
1639440
1639390
1639410
1639440
1639400
1639400
1639400
1639380
1639410
1639370
1639410
1639410
1639400
1639410
1639380
1705056
1705036
1705056
1705066
1705046
1705086
1705006
1705026
1705066
1705036
1705016
1705086
1705026
1705046
1705016
1705076
1705036
1705016
1705056
1705016
1705006
1705046
1705016
1704986
1705026
1705036
1705036
1705016
1705036
1705026
1704986
1705006
1704976
1705036
1705026
1705016
1705026
1705036
1704996
1704996
1705026
1705006
1705016
1704986
1705026
1704996
1705006
1704966
1704976
1705006
1704996
1704996
1704956
1704996
1704956
1704996
1704976
1704986
1704976
1704986
1704986
1705016
1704996
1704966
1704986
1704966
1704976
1704956
1704996
1704956
1704936
1704956
1704956
1704946
1704976
1704966
1704986
1704986
1704926
1705006
1704936
1704936
1704926
1704996
1704996
1704986
1704936
1705016
1704946
1704956
1704936
1704976
1705006
1704936
1704936
1704976
1704956
1704936
1704926
1704946
1704976
1704986
1704946
1704926
1704936
1704966
1704946
1704916
1704936
1704936
1704956
1704956
1704966
1704956
1704976
1704936
1704936
1704926
1704956
1704946
1704956
1704926
1704916
1704946
1704926
1704946
1704946
1704926
1770612
1770572
1770592
1770592
1770612
1770572
1770552
1770592
1770582
1770592
1770532
1770552
1770562
1770552
1770592
1770562
1770592
1770612
1770542
1770632
1770532
1770582
1770572
1770572
1770572
1770542
1770512
1770592
1770592
1770572
1770562
1770552
1770592
1770532
1770552
1770542
1770542
1770572
1770522
1770562
1770542
1770552
1770502
1770552
1770572
1770502
1770472
1770522
1770512
1770522
1770552
1770532
1770502
1770502
1770522
1770522
1770482
1770522
1770522
1770492
1770502
1770492
1770492
1770522
1770522
1770492
1770512
1770502
1770482
1770482
1770482
1770502
1770512
1770492
1770492
1770502
1770492
1770462
1770492
1770492
1770512
1770512
1770472
1770512
1770522
1770502
1770462
1770502
1770482
1770472
1770502
1770492
1770462
1770482
1770482
1770482
1770472
1770502
1770482
1770512
1770492
1770462
1770492
1770492
1770452
1770472
1770482
1770502
1770502
1770472
1770482
1770452
1770462
1770482
1770472
1770452
1770502
1770532
1770492
1770452
1770462
1770472
1770502
1770472
1770492
1770512
1770452
1770462
1836148
1836178
1836098
1836168
1836148
1836148
1836138
1836068
1836118
1836118
1836108
1836148
1836098
1836108
1836138
1836098
1836078
1836078
1836108
1836098
1836108
1836098
1836118
1836088
1836088
1836138
1836098
1836078
1836088
1836058
1836048
1836128
1836088
1836058
1836068
1836078
1836078
1836058
1836038
1836038
1836058
1836058
1836038
1836078
1836068
1836108
1836048
1836048
1836078
1836078
1836038
1836038
1836078
1836068
1836028
1836028
1836028
1836088
1836048
1836048
1836038
1836068
1836048
1836058
1835998
1836078
1836048
1836038
1836058
1836028
1836018
1836008
1835988
1836038
1836028
1836038
1836038
1836038
1836048
1836028
1836028
1836038
1836028
1835998
1836018
1836038
1836058
1836008
1836038
1836038
1836038
1836048
1836018
1836048
1836028
1836008
1836038
1836078
1836048
1836028
1835998
1836028
1836018
1836038
1835958
1836028
1836008
1835998
1835988
1836008
1835998
1836038
1835998
1836058
1835998
1836028
1836038
1836028
1836008
1835998
1836008
1836018
1836008
1836008
1835998
1836008
1836008
1836028
1901674
1901664
1901624
1901654
1901654
1901684
1901664
1901624
1901624
1901654
1901634
1901634
1901654
1901654
1901644
1901654
1901664
1901604
1901654
1901624
1901674
1901594
1901624
1901624
1901594
1901574
1901604
1901604
1901634
1901644
1901604
1901604
1901584
1901574
1901574
1901594
1901584
1901604
1901604
1901574
1901634
1901564
1901584
1901604
1901594
1901584
1901574
1901594
1901634
1901594
1901584
1901614
1901584
1901604
1901574
1901584
1901544
1901564
1901564
1901544
1901534
1901584
1901574
1901594
1901564
1901574
1901524
1901564
1901554
1901604
1901584
1901604
1901564
1901544
1901564
1901584
1901524
1901554
1901554
1901564
1901544
1901574
1901564
1901534
1901544
1901534
1901604
1901594
1901534
1901564
1901544
1901604
1901524
1901544
1901584
1901554
1901554
1901554
1901544
1901594
1901584
1901534
1901534
1901534
1901584
1901554
1901524
1901544
1901584
1901554
1901544
1901544
1901524
1901534
1901544
1901524
1901544
1901554
1901534
1901574
1901584
1901554
1901544
1901544
1901544
1901564
1901544
1901544
1967230
1967190
1967200
1967190
1967190
1967210
1967180
1967170
1967170
1967210
1967200
1967190
1967190
1967140
1967190
1967140
1967170
1967170
1967160
1967150
1967160
1967220
1967150
1967150
1967110
1967170
1967180
1967100
1967120
1967120
1967130
1967160
1967140
1967160
1967130
1967100
1967120
1967180
1967130
1967140
1967150
1967110
1967130
1967140
1967110
1967100
1967120
1967100
1967080
1967100
1967110
1967100
1967100
1967090
1967120
1967130
1967090
1967120
1967120
1967100
1967090
1967090
1967120
1967110
1967110
1967090
1967100
1967090
1967140
1967120
1967120
1967070
1967150
1967070
1967130
1967100
1967100
1967130
1967090
1967090
1967120
1967080
1967130
1967080
1967100
1967090
1967050
1967080
1967100
1967100
1967090
1967090
1967110
1967090
1967080
1967090
1967090
1967130
1967070
1967070
1967100
1967100
1967100
1967100
1967060
1967090
1967070
1967070
1967110
1967090
1967080
1967080
1967100
1967070
1967080
1967070
1967090
1967090
1967160
1967100
1967120
1967090
1967070
1967090
1967090
1967060
1967130
1967080
2032736
2032726
2032696
2032766
2032776
2032736
2032716
2032726
2032756
2032726
2032696
2032686
2032686
2032706
2032696
2032706
2032686
2032766
2032686
2032696
2032696
2032696
2032736
2032706
2032696
2032716
2032696
2032756
2032716
2032676
2032676
2032716
2032656
2032676
2032676
2032646
2032636
2032666
2032676
2032656
2032676
2032666
2032616
2032656
2032606
2032646
2032706
2032656
2032646
2032626
2032636
2032656
2032616
2032616
2032606
2032656
2032606
2032636
2032616
2032656
2032596
2032626
2032616
2032626
2032636
2032636
2032656
2032626
2032616
2032626
2032626
2032626
2032626
2032666
2032636
2032676
2032666
2032686
2032646
2032606
2032636
2032616
2032656
2032636
2032606
2032626
2032626
2032636
2032626
2032626
2032636
2032606
2032646
2032656
2032666
2032636
2032636
2032636
2032596
2032646
2032636
2032616
2032646
2032596
2032636
2032616
2032636
2032636
2032636
2032586
2032616
2032626
2032646
2032626
2032606
2032596
2032606
2032616
2032646
2032606
2032656
2032676
2032596
2032616
2032606
2032626
2032646
2032606
