1180708
1180778
1180738
1180728
1180698
1180718
1180698
1180698
1180698
1180758
1180718
1180688
1180698
1180748
1180738
1180728
1180708
1180718
1180658
1180708
1180668
1180688
1180718
1180678
1180688
1180718
1180708
1180688
1180658
1180658
1180688
1180698
1180708
1180678
1180658
1180658
1180648
1180698
1180678
1180708
1180678
1180678
1180678
1180688
1180658
1180658
1180668
1180678
1180658
1180678
1180668
1180658
1180688
1180718
1180648
1180668
1180628
1180648
1180688
1180708
1180658
1180668
1180688
1180658
1180688
1180668
1180638
1180648
1180648
1180668
1180678
1180678
1180628
1180598
1180648
1180658
1180678
1180668
1180668
1180648
1180638
1180608
1180638
1180638
1180638
1180668
1180648
1180678
1180628
1180678
1180638
1180668
1180638
1180668
1180668
1180628
1180638
1180638
1180608
1180648
1180658
1180648
1180628
1180648
1180638
1180608
1180608
1180668
1180618
1180638
1180618
1180648
1180638
1180628
1180668
1180628
1180648
1180688
1180638
1180648
1180608
1180638
1180628
1180628
1180608
1180598
1180638
1180618
1246264
1246284
1246244
1246294
1246264
1246294
1246224
1246234
1246264
1246244
1246244
1246304
1246274
1246244
1246244
1246234
1246224
1246254
1246254
1246224
1246254
1246224
1246244
1246264
1246204
1246254
1246234
1246214
1246224
1246194
1246224
1246224
1246244
1246204
1246214
1246204
1246194
1246164
1246224
1246204
1246234
1246234
1246204
1246204
1246204
1246204
1246234
1246194
1246214
1246214
1246214
1246204
1246204
1246234
1246204
1246204
1246224
1246194
1246234
1246214
1246204
1246194
1246214
1246194
1246184
1246214
1246194
1246194
1246194
1246194
1246174
1246154
1246204
1246184
1246174
1246174
1246164
1246214
1246194
1246174
1246174
1246224
1246174
1246174
1246184
1246164
1246194
1246174
1246184
1246224
1246174
1246164
1246164
1246154
1246184
1246164
1246204
1246164
1246164
1246154
1246184
1246164
1246184
1246164
1246144
1246184
1246164
1246154
1246164
1246174
1246234
1246154
1246154
1246174
1246164
1246154
1246134
1246154
1246164
1246154
1246144
1246164
1246184
1246194
1246164
1246144
1246154
1246194
