918544
918494
918554
918554
918604
918564
918564
918594
918574
918614
918574
918584
918544
918604
918574
918564
918554
918554
918554
918564
918534
918524
918544
918504
918594
918554
918564
918564
918594
918554
918554
918574
918564
918574
918574
918524
918484
918534
918524
918554
918564
918534
918544
918574
918544
918524
918534
918524
918554
918524
918504
918544
918554
918524
918524
918514
918534
918514
918564
918494
918474
918544
918514
918544
918514
918524
918504
918504
918504
918524
918524
918544
918504
918544
918514
918514
918504
918514
918484
918504
918514
918504
918504
918524
918524
918504
918504
918494
918484
918524
918514
918494
918464
918494
918494
918484
918504
918504
918494
918524
918514
918504
918484
918504
918514
918484
918524
918504
918474
918494
918494
918494
918514
918484
918494
918494
918494
918524
918484
918504
918514
918504
918494
918484
918504
918494
918484
918504
984120
984110
984100
984110
984110
984110
984110
984120
984100
984080
984130
984090
984100
984180
984080
984090
984120
984130
984050
984050
984100
984130
984070
984070
984070
984110
984100
984090
984070
984080
984080
984040
984100
984090
984060
984060
984090
984080
984070
984070
984070
984090
984050
984070
984010
984060
984030
984090
984050
984070
984070
984290
984080
984090
984080
984060
984100
984060
984030
984080
984040
984040
984040
984030
984040
984060
984050
984080
984020
984060
984030
984040
984020
984050
984030
984090
984060
984040
984070
984080
984060
984060
984040
984050
984080
984070
984030
984010
984020
984050
984040
984060
984040
984060
984030
984030
984010
984070
984050
984050
984050
984040
984020
984040
984040
984060
984030
984040
984030
984010
984050
984040
984040
984010
984030
984030
984010
984010
984050
984030
984010
984010
984050
984010
984020
984060
984010
984040
