1070
1060
1060
1030
1060
1030
1030
1060
1030
1050
1030
1030
1030
1040
1020
1030
1020
1020
1050
1030
1010
1000
1070
1070
1030
1020
1030
1010
1020
1000
1030
1010
1020
1060
1030
1040
1040
990
1020
1010
1000
990
1030
1010
1030
1000
1030
990
1040
980
980
1010
1030
1010
1000
1020
1030
970
980
990
1000
1020
1040
1000
1010
990
1010
1010
1000
1010
1010
990
970
1000
960
970
970
1000
980
980
960
970
970
980
990
960
970
960
990
970
990
970
1000
970
960
970
980
990
980
980
1010
1000
980
980
990
970
970
980
950
1000
970
1000
990
990
970
1020
1030
990
1010
1010
1010
1000
980
980
1010
1000
1010
970
66546
66546
66596
66576
66596
66536
66586
66556
66586
66576
66576
66556
66576
66556
66566
66556
66576
66586
66606
66556
66576
66566
66556
66536
66556
66566
66586
66626
66546
66536
66526
66516
66536
66556
66566
66546
66576
66546
66536
66556
66536
66586
66536
66536
66546
66556
66566
66526
66546
66556
66566
66536
66556
66556
66536
66556
66536
66536
66546
66556
66566
66516
66526
66506
66546
66526
66556
66546
66556
66596
66536
66526
66516
66536
66556
66526
66516
66516
66546
66536
66536
66546
66516
66526
66536
66516
66526
66486
66516
66516
66516
66496
66536
66556
66546
66526
66506
66516
66506
66486
66516
66516
66506
66506
66526
66526
66516
66536
66516
66506
66516
66566
66556
66556
66526
66526
66526
66506
66506
66516
66536
66506
66546
66526
66496
66556
66526
66506
