1180758
1180808
1180778
1180778
1180748
1180758
1180748
1180738
1180748
1180798
1180748
1180728
1180738
1180778
1180768
1180758
1180758
1180758
1180688
1180738
1180708
1180728
1180728
1180698
1180738
1180748
1180748
1180718
1180678
1180698
1180728
1180738
1180748
1180718
1180698
1180688
1180688
1180728
1180708
1180738
1180698
1180718
1180708
1180738
1180708
1180688
1180708
1180708
1180688
1180708
1180698
1180688
1180728
1180748
1180668
1180698
1180658
1180678
1180708
1180718
1180688
1180688
1180708
1180678
1180698
1180678
1180658
1180678
1180688
1180698
1180698
1180698
1180658
1180638
1180668
1180668
1180708
1180688
1180688
1180648
1180658
1180628
1180668
1180668
1180658
1180688
1180678
1180708
1180648
1180688
1180658
1180698
1180648
1180678
1180688
1180638
1180668
1180678
1180628
1180678
1180688
1180678
1180658
1180688
1180658
1180628
1180638
1180698
1180628
1180668
1180638
1180678
1180658
1180638
1180648
1180668
1180658
1180708
1180658
1180658
1180638
1180648
1180668
1180648
1180628
1180618
1180668
1180648
1246304
1246334
1246284
1246304
1246314
1246334
1246274
1246274
1246294
1246294
1246274
1246354
1246314
1246274
1246294
1246264
1246264
1246304
1246284
1246274
1246294
1246254
1246274
1246294
1246254
1246274
1246274
1246244
1246274
1246234
1246244
1246244
1246304
1246244
1246244
1246234
1246214
1246224
1246264
1246234
1246244
1246274
1246224
1246254
1246224
1246234
1246304
1246224
1246234
1246234
1246264
1246234
1246244
1246264
1246234
1246224
1246244
1246214
1246264
1246234
1246234
1246224
1246244
1246224
1246224
1246234
1246234
1246224
1246204
1246204
1246204
1246184
1246224
1246214
1246204
1246204
1246184
1246234
1246214
1246194
1246194
1246234
1246204
1246194
1246204
1246184
1246244
1246184
1246204
1246244
1246184
1246184
1246204
1246194
1246194
1246174
1246204
1246184
1246194
1246164
1246204
1246174
1246214
1246174
1246164
1246194
1246174
1246184
1246184
1246204
1246254
1246164
1246194
1246204
1246174
1246164
1246164
1246174
1246174
1246174
1246164
1246174
1246204
1246204
1246184
1246174
1246164
1246214
