787482
787462
787492
787482
787502
787512
787482
787472
787472
787522
787482
787522
787472
787482
787502
787472
787452
787482
787482
787432
787492
787512
787452
787492
787492
787442
787472
787482
787472
787512
787462
787462
787482
787452
787442
787462
787452
787432
787472
787462
787502
787462
787452
787442
787452
787442
787442
787462
787422
787492
787482
787412
787472
787472
787442
787462
787462
787432
787452
787412
787442
787422
787462
787442
787452
787482
787422
787442
787482
787432
787432
787432
787452
787452
787432
787442
787442
787442
787422
787412
787432
787462
787462
787442
787452
787452
787472
787412
787402
787442
787432
787432
787452
787422
787412
787412
787432
787402
787402
787442
787472
787432
787422
787402
787402
787422
787432
787412
787412
787422
787422
787422
787402
787442
787432
787442
787422
787402
787382
787422
787422
787412
787442
787402
787432
787412
787402
787412
853028
852988
853018
853078
853038
853018
852988
853068
853028
853048
852978
853008
852988
852998
852998
853028
853048
853028
852998
852998
852988
853008
852988
853018
853008
853028
853028
853018
853008
852978
853028
852998
853028
853038
853028
852988
852988
852988
853008
852998
852988
853018
853008
852998
853008
852978
852968
852968
852978
852978
852998
852968
852958
852968
852998
852978
852978
852988
852968
852988
852998
852988
852968
852978
852938
852998
852978
852958
852988
852958
853018
852998
852978
852968
852948
852978
852968
852988
852948
852958
852958
852968
852968
852988
853048
852968
852978
852928
852938
852968
852948
852968
852958
852968
852938
852968
852978
852958
852938
852988
853008
852958
852958
852938
852938
852978
852978
852958
852958
852948
852978
852938
852948
852938
852978
852928
852948
852958
852938
852938
852948
852948
852968
852958
852928
852958
852938
852958
