1311810
1311820
1311760
1311800
1311780
1311830
1311810
1311840
1311780
1311790
1311840
1311780
1311810
1311770
1311760
1311750
1311760
1311790
1311780
1311730
1311770
1311770
1311820
1311790
1311760
1311770
1311770
1311740
1311790
1311770
1311790
1311800
1311750
1311770
1311740
1311770
1311800
1311730
1311780
1311730
1311750
1311750
1311730
1311770
1311770
1311730
1311770
1311770
1311770
1311750
1311770
1311760
1311740
1311700
1311740
1311760
1311690
1311710
1311740
1311730
1311700
1311750
1311740
1311770
1311710
1311750
1311730
1311680
1311750
1311710
1311710
1311740
1311770
1311680
1311740
1311720
1311730
1311700
1311720
1311720
1311710
1311770
1311760
1311720
1311700
1311720
1311710
1311720
1311690
1311710
1311710
1311720
1311730
1311730
1311690
1311710
1311720
1311700
1311740
1311730
1311710
1311710
1311690
1311700
1311690
1311690
1311720
1311680
1311740
1311690
1311690
1311730
1311700
1311680
1311670
1311700
1311690
1311700
1311740
1311690
1311720
1311670
1311680
1311670
1311710
1311680
1311700
1311690
1377376
1377336
1377346
1377316
1377336
1377376
1377356
1377286
1377296
1377356
1377326
1377336
1377296
1377316
1377356
1377286
1377356
1377296
1377326
1377286
1377376
1377326
1377316
1377266
1377286
1377316
1377316
1377306
1377316
1377306
1377306
1377296
1377326
1377316
1377336
1377286
1377276
1377326
1377316
1377276
1377276
1377276
1377286
1377306
1377286
1377286
1377276
1377276
1377276
1377286
1377286
1377326
1377276
1377266
1377306
1377246
1377326
1377266
1377246
1377296
1377276
1377276
1377296
1377246
1377286
1377216
1377226
1377266
1377246
1377266
1377256
1377286
1377266
1377246
1377266
1377236
1377296
1377266
1377286
1377256
1377256
1377256
1377256
1377256
1377256
1377326
1377216
1377276
1377236
1377256
1377266
1377266
1377246
1377276
1377256
1377256
1377236
1377236
1377256
1377216
1377216
1377206
1377256
1377236
1377266
1377246
1377246
1377256
1377256
1377236
1377226
1377216
1377226
1377246
1377216
1377226
1377236
1377236
1377226
1377226
1377216
1377246
1377206
1377236
1377226
1377206
1377236
1377226
