1705016
1704986
1705026
1705026
1704996
1705056
1704986
1704996
1705026
1705006
1704976
1705046
1704996
1705016
1704986
1705036
1704996
1704976
1705016
1704986
1704976
1705016
1704986
1704956
1704996
1704966
1704996
1704996
1704986
1704986
1704956
1704986
1704976
1705006
1704996
1704986
1705006
1704996
1704966
1704956
1704986
1704986
1704976
1704966
1704996
1704956
1704986
1704926
1704946
1704986
1704966
1704966
1704936
1704956
1704936
1704956
1704946
1704946
1704946
1704946
1704966
1704976
1704966
1704936
1704966
1704936
1704956
1704926
1705006
1704936
1704926
1704936
1704926
1704936
1704956
1704936
1704956
1704966
1704906
1704976
1704916
1704906
1704896
1704966
1704966
1704946
1704916
1704976
1704926
1704936
1704926
1704956
1704986
1704916
1704926
1704946
1704926
1704906
1704906
1704926
1704936
1704956
1704936
1704896
1704906
1704936
1704916
1704896
1704926
1704906
1704946
1704916
1704946
1704926
1704936
1704906
1704916
1704916
1704936
1704926
1704926
1704896
1704896
1704916
1704916
1704926
1704936
1704906
1770572
1770552
1770552
1770552
1770562
1770512
1770522
1770562
1770532
1770552
1770502
1770512
1770522
1770532
1770562
1770512
1770562
1770592
1770512
1770572
1770502
1770552
1770542
1770542
1770542
1770522
1770472
1770552
1770542
1770522
1770522
1770502
1770562
1770512
1770522
1770512
1770522
1770522
1770482
1770532
1770532
1770532
1770482
1770522
1770542
1770482
1770442
1770502
1770482
1770472
1770492
1770502
1770502
1770482
1770502
1770492
1770452
1770502
1770502
1770472
1770472
1770462
1770472
1770492
1770492
1770482
1770492
1770482
1770442
1770462
1770472
1770472
1770492
1770462
1770462
1770482
1770442
1770442
1770482
1770482
1770482
1770482
1770442
1770482
1770492
1770472
1770442
1770472
1770462
1770452
1770472
1770462
1770442
1770452
1770452
1770482
1770452
1770492
1770472
1770492
1770482
1770442
1770462
1770472
1770422
1770452
1770452
1770462
1770492
1770452
1770452
1770442
1770442
1770462
1770442
1770432
1770482
1770492
1770452
1770432
1770442
1770452
1770482
1770432
1770452
1770492
1770442
1770442
