1320
236
4957
4685
4417
4163
3915
3650
3406
3157
4948
4672
4364
4104
3910
3586
3330
3139
4944
4614
4361
4103
3906
3585
3328
3073
4864
4611
4355
4099
3844
3584
4615
4354
4101
3842
4612
4352
4100
3841
4609
4356
4098
3840
4608
4353
4097
4096
4685
3910
3406
3157
3139
3418
3139
3406
4958
4703
4429
4180
3910
3672
3157
4957
4701
4427
4164
3908
3667
3406
3156
4956
4685
4424
4163
3906
3650
3145
4948
4673
4417
3649
3143
4946
3139
4942
4936
4422
4956
3406
4956
4702
3922
3672
4948
4692
4435
4191
3913
3667
3420
3157
4946
4689
4429
4180
3910
3650
3417
3145
4942
4685
4417
4179
3906
3649
3406
3139
4929
4681
4176
3397
4673
4164
4672
4957
4703
4437
4191
3672
3420
3166
4956
4701
4435
4180
3915
3670
3418
3157
4955
4699
4429
4168
3910
3667
3417
3156
4954
4694
4427
4164
3908
3650
3416
3145
4948
4693
4422
4163
3906
3649
3411
3139
4944
4689
4417
4098
3406
4942
4685
3397
4936
4673
3328
4935
4672
4608
3406
3406
3139
4958
3920
3411
3157
4956
4673
4417
4180
3910
3667
3406
3145
4935
4163
3906
3397
3139
