1100
1090
1090
1070
1090
1070
1060
1090
1060
1070
1060
1070
1060
1050
1060
1060
1050
1050
1080
1070
1030
1030
1120
1080
1080
1040
1060
1040
1050
1030
1070
1030
1050
1110
1060
1070
1060
1020
1060
1040
1020
1030
1080
1040
1060
1040
1060
1020
1040
1020
1010
1040
1050
1040
1020
1050
1050
1000
1010
1020
1010
1040
1070
1030
1020
1020
1030
1040
1050
1040
1050
1030
990
1030
980
1000
980
1030
1000
1010
980
990
1010
1000
1020
1000
990
990
1000
1000
1010
1000
1030
1020
990
1000
1000
1030
1020
990
1040
1030
1000
1010
1010
1010
990
990
970
1010
1010
1030
1000
1010
990
1030
1040
1020
1030
1040
1040
1030
1010
1000
1020
1000
1030
1000
66576
66566
66636
66606
66626
66566
66636
66586
66626
66616
66606
66596
66596
66616
66596
66576
66626
66626
66616
66586
66606
66596
66586
66566
66576
66606
66616
66666
66566
66566
66576
66526
66576
66586
66596
66586
66596
66586
66566
66596
66576
66596
66566
66576
66576
66586
66596
66566
66576
66586
66606
66566
66576
66586
66556
66586
66566
66576
66576
66576
66586
66536
66556
66526
66576
66556
66556
66556
66576
66636
66576
66556
66536
66556
66546
66566
66526
66536
66566
66576
66566
66566
66546
66536
66556
66536
66556
66506
66546
66536
66536
66516
66566
66576
66556
66546
66536
66556
66516
66506
66546
66556
66546
66526
66566
66546
66536
66566
66536
66536
66546
66586
66586
66556
66546
66556
66546
66536
66526
66536
66566
66526
66576
66546
66516
66586
66536
66526
