1836148
1836178
1836098
1836168
1836148
1836148
1836138
1836068
1836118
1836118
1836108
1836148
1836098
1836108
1836138
1836098
1836078
1836078
1836108
1836098
1836108
1836098
1836118
1836088
1836088
1836138
1836098
1836078
1836088
1836058
1836048
1836128
1836088
1836058
1836068
1836078
1836078
1836058
1836038
1836038
1836058
1836058
1836038
1836078
1836068
1836108
1836048
1836048
1836078
1836078
1836038
1836038
1836078
1836068
1836028
1836028
1836028
1836088
1836048
1836048
1836038
1836068
1836048
1836058
1835998
1836078
1836048
1836038
1836058
1836028
1836018
1836008
1835988
1836038
1836028
1836038
1836038
1836038
1836048
1836028
1836028
1836038
1836028
1835998
1836018
1836038
1836058
1836008
1836038
1836038
1836038
1836048
1836018
1836048
1836028
1836008
1836038
1836078
1836048
1836028
1835998
1836028
1836018
1836038
1835958
1836028
1836008
1835998
1835988
1836008
1835998
1836038
1835998
1836058
1835998
1836028
1836038
1836028
1836008
1835998
1836008
1836018
1836008
1836008
1835998
1836008
1836008
1836028
1901674
1901664
1901624
1901654
1901654
1901684
1901664
1901624
1901624
1901654
1901634
1901634
1901654
1901654
1901644
1901654
1901664
1901604
1901654
1901624
1901674
1901594
1901624
1901624
1901594
1901574
1901604
1901604
1901634
1901644
1901604
1901604
1901584
1901574
1901574
1901594
1901584
1901604
1901604
1901574
1901634
1901564
1901584
1901604
1901594
1901584
1901574
1901594
1901634
1901594
1901584
1901614
1901584
1901604
1901574
1901584
1901544
1901564
1901564
1901544
1901534
1901584
1901574
1901594
1901564
1901574
1901524
1901564
1901554
1901604
1901584
1901604
1901564
1901544
1901564
1901584
1901524
1901554
1901554
1901564
1901544
1901574
1901564
1901534
1901544
1901534
1901604
1901594
1901534
1901564
1901544
1901604
1901524
1901544
1901584
1901554
1901554
1901554
1901544
1901594
1901584
1901534
1901534
1901534
1901584
1901554
1901524
1901544
1901584
1901554
1901544
1901544
1901524
1901534
1901544
1901524
1901544
1901554
1901534
1901574
1901584
1901554
1901544
1901544
1901544
1901564
1901544
1901544
