1573954
1573974
1573974
1573994
1573964
1573984
1574044
1573994
1573994
1573984
1573964
1573944
1573984
1573964
1573964
1573944
1574004
1573994
1573964
1573954
1573974
1573974
1573964
1573934
1573934
1573964
1573934
1573904
1573944
1573924
1573924
1573924
1573934
1573934
1573904
1573924
1573924
1573974
1573894
1573904
1573964
1573924
1573894
1573924
1573924
1573914
1573894
1573914
1573944
1573914
1573884
1573934
1573904
1573904
1573934
1573914
1573924
1573894
1573894
1573934
1573914
1573874
1573914
1573914
1573884
1573864
1573904
1573904
1573914
1573904
1573914
1573914
1573884
1573914
1573864
1573874
1573884
1573884
1573904
1573894
1573894
1573894
1573844
1573894
1573864
1573874
1573864
1573854
1573864
1573884
1573854
1573874
1573844
1573944
1573834
1573854
1573884
1573874
1573884
1573864
1573864
1573844
1573864
1573874
1573904
1573874
1573904
1573864
1573864
1573824
1573884
1573874
1573874
1573864
1573854
1573864
1573864
1573864
1573864
1573854
1573834
1573854
1573854
1573844
1573864
1573834
1573884
1573854
1639520
1639520
1639530
1639520
1639530
1639540
1639510
1639550
1639510
1639520
1639490
1639510
1639510
1639480
1639540
1639490
1639450
1639480
1639500
1639460
1639450
1639470
1639540
1639490
1639480
1639430
1639460
1639500
1639450
1639480
1639480
1639490
1639490
1639460
1639440
1639460
1639460
1639450
1639450
1639470
1639460
1639470
1639430
1639460
1639450
1639450
1639490
1639460
1639430
1639460
1639470
1639450
1639450
1639460
1639440
1639450
1639440
1639430
1639420
1639420
1639440
1639420
1639420
1639470
1639410
1639410
1639440
1639400
1639430
1639460
1639430
1639410
1639400
1639420
1639470
1639390
1639430
1639400
1639420
1639420
1639430
1639400
1639400
1639390
1639400
1639440
1639400
1639390
1639410
1639430
1639430
1639410
1639430
1639440
1639370
1639380
1639400
1639430
1639380
1639430
1639440
1639420
1639410
1639440
1639390
1639400
1639410
1639380
1639400
1639400
1639390
1639400
1639370
1639440
1639390
1639410
1639440
1639400
1639400
1639400
1639380
1639410
1639370
1639410
1639410
1639400
1639410
1639380
