1049706
1049676
1049676
1049686
1049676
1049696
1049696
1049666
1049656
1049666
1049676
1049636
1049676
1049656
1049646
1049666
1049666
1049666
1049666
1049666
1049676
1049616
1049686
1049636
1049636
1049646
1049656
1049646
1049626
1049626
1049626
1049656
1049636
1049646
1049666
1049636
1049676
1049686
1049636
1049676
1049656
1049666
1049636
1049616
1049656
1049666
1049606
1049646
1049656
1049646
1049656
1049616
1049666
1049616
1049616
1049606
1049606
1049626
1049626
1049656
1049616
1049616
1049616
1049666
1049606
1049606
1049586
1049596
1049566
1049596
1049596
1049616
1049596
1049626
1049596
1049596
1049586
1049596
1049626
1049616
1049566
1049606
1049576
1049576
1049596
1049646
1049596
1049606
1049566
1049586
1049556
1049586
1049616
1049616
1049556
1049586
1049586
1049586
1049576
1049596
1049616
1049586
1049596
1049606
1049596
1049576
1049596
1049576
1049616
1049586
1049586
1049586
1049566
1049556
1049586
1049566
1049616
1049596
1049546
1049576
1049576
1049596
1049596
1049596
1049596
1049596
1049596
1049586
1115252
1115222
1115252
1115212
1115202
1115242
1115222
1115182
1115252
1115202
1115162
1115192
1115202
1115202
1115212
1115212
1115222
1115192
1115202
1115182
1115182
1115232
1115202
1115182
1115192
1115162
1115182
1115172
1115232
1115172
1115172
1115182
1115162
1115162
1115192
1115212
1115202
1115162
1115142
1115202
1115192
1115232
1115162
1115172
1115152
1115212
1115142
1115152
1115162
1115142
1115182
1115182
1115152
1115162
1115172
1115192
1115182
1115172
1115142
1115142
1115172
1115152
1115162
1115152
1115152
1115162
1115132
1115172
1115172
1115142
1115142
1115162
1115122
1115132
1115122
1115162
1115142
1115122
1115142
1115142
1115152
1115172
1115142
1115122
1115162
1115172
1115202
1115122
1115132
1115132
1115132
1115112
1115102
1115152
1115102
1115112
1115132
1115132
1115102
1115102
1115102
1115092
1115132
1115132
1115142
1115122
1115102
1115112
1115122
1115132
1115112
1115132
1115102
1115092
1115142
1115092
1115122
1115112
1115152
1115152
1115142
1115112
1115092
1115142
1115152
1115102
1115122
1115112
