394316
394346
394306
394296
394466
394326
394346
394296
394336
394356
394316
394316
394296
394296
394306
394306
394266
394276
394286
394316
394286
394306
394286
394266
394276
394296
394266
394306
394286
394276
394276
394276
394266
394306
394266
394286
394286
394286
394276
394296
394266
394266
394256
394276
394306
394276
394256
394276
394266
394236
394266
394286
394256
394236
394226
394266
394246
394286
394256
394236
394236
394276
394246
394236
394276
394236
394236
394276
394246
394276
394216
394276
394256
394256
394246
394246
394236
394236
394236
394266
394236
394286
394226
394276
394246
394246
394276
394246
394236
394226
394226
394236
394256
394216
394236
394226
394246
394246
394256
394216
394226
394226
394246
394246
394216
394276
394216
394226
394226
394216
394226
394216
394226
394206
394176
394216
394216
394226
394206
394206
394266
394196
394206
394216
394206
394216
394216
394246
459852
459882
459832
459852
459822
459892
459842
459882
459832
459862
459822
459862
459802
459802
459832
459842
459842
459792
459852
459842
459832
459812
459822
459832
459802
459832
459792
459812
459802
459812
459862
459832
459792
459812
459792
459802
459842
459812
459812
459802
459782
459792
459782
459782
459812
459802
459782
459792
459782
459802
459782
459782
459792
459792
459852
459782
459772
459772
459802
459802
459772
459802
459792
459772
459802
459742
459832
459792
459762
459782
459802
459762
459792
459802
459782
459762
459772
459782
459782
459742
459812
459792
459792
459752
459802
459782
459812
459762
459722
459792
459772
459742
459772
459752
459812
459782
459742
459792
459762
459762
459742
459772
459762
459782
459782
459782
459782
459742
459732
459772
459732
459752
459772
459762
459762
459782
459762
459762
459752
459762
459802
459752
459762
459732
459742
459742
459762
459752
