525438
525418
525358
525398
525408
525418
525328
525348
525388
525358
525378
525368
525368
525358
525378
525338
525448
525378
525398
525398
525378
525388
525418
525328
525358
525358
525368
525378
525368
525328
525328
525388
525338
525378
525358
525378
525328
525308
525368
525368
525368
525388
525308
525358
525348
525298
525358
525308
525338
525368
525318
525338
525298
525328
525328
525338
525358
525328
525348
525338
525338
525328
525348
525328
525338
525318
525318
525308
525298
525318
525308
525308
525298
525298
525318
525328
525338
525348
525318
525288
525288
525318
525318
525298
525298
525318
525308
525318
525318
525318
525318
525288
525308
525328
525308
525308
525298
525318
525308
525298
525318
525318
525308
525288
525318
525328
525318
525308
525308
525318
525278
525278
525308
525298
525268
525328
525278
525308
525288
525288
525288
525298
525308
525298
525298
525288
525288
525288
590924
590934
590914
590934
590934
590944
590924
590904
590934
590934
590904
590904
590914
590914
590904
590924
590894
590904
590894
590904
590874
590904
590944
590884
590934
590904
590924
590854
590874
590914
590934
590894
590944
590924
590884
590864
590904
590874
590864
590894
590854
590904
590874
590864
590894
590904
590904
590884
590874
590864
590844
590874
590894
590874
590854
590834
590874
590844
590864
590884
590854
590874
590834
590834
590914
590894
590844
590844
590844
590884
590874
590854
590874
590824
590884
590874
590844
590824
590834
590844
590854
590844
590844
590844
590874
590844
590834
590824
590834
590844
590834
590834
590864
590874
590844
590894
590814
590834
590844
590834
590834
590834
590844
590824
590804
590814
590824
590874
590814
590814
590844
590824
590854
590824
590844
590844
590834
590824
590824
590844
590844
590844
590814
590824
590804
590844
590824
590804
