132102
132092
132122
132112
132072
132072
132152
132112
132112
132102
132092
132122
132142
132062
132132
132122
132102
132132
132122
132072
132112
132102
132072
132092
132082
132102
132062
132072
132102
132052
132112
132102
132092
132092
132112
132082
132062
132102
132072
132102
132122
132112
132102
132072
132082
132082
132112
132092
132102
132112
132052
132072
132112
132062
132102
132072
132062
132072
132052
132082
132052
132102
132082
132092
132042
132082
132052
132062
132102
132082
132072
132082
132072
132082
132032
132042
132042
132062
132042
132092
132132
132072
132042
132062
132062
132052
132062
132052
132092
132082
132062
132062
132042
132062
132052
132082
132052
132092
132052
132052
132052
132062
132082
132052
132042
132042
132072
132042
132062
132052
132082
132092
132042
132062
132042
132062
132072
132052
132072
132052
132052
132092
132062
132072
132062
132042
132042
132052
197668
197658
197648
197658
197648
197718
197658
197628
197628
197658
197628
197668
197638
197618
197638
197628
197638
197628
197658
197628
197648
197648
197648
197698
197628
197638
197628
197658
197648
197628
197648
197608
197648
197638
197648
197698
197608
197648
197638
197618
197628
197608
197618
197628
197608
197648
197608
197618
197628
197598
197628
197648
197618
197598
197628
197628
197608
197598
197618
197598
197578
197618
197578
197628
197608
197618
197608
197648
197588
197638
197618
197608
197628
197598
197588
197598
197608
197588
197608
197608
197608
197638
197598
197608
197588
197568
197598
197608
197618
197588
197598
197608
197618
197618
197588
197578
197588
197568
197588
197598
197598
197598
197578
197588
197628
197608
197568
197608
197618
197608
197578
197578
197588
197578
197608
197588
197588
197568
197558
197598
197608
197598
197588
197588
197598
197608
197598
197598
