1442852
1442842
1442892
1442892
1442852
1442852
1442882
1442872
1442852
1442862
1442872
1442882
1442852
1442862
1442852
1442862
1442822
1442842
1442842
1442832
1442862
1442862
1442892
1442852
1442822
1442832
1442822
1442852
1442872
1442892
1442872
1442852
1442782
1442832
1442842
1442832
1442802
1442822
1442822
1442852
1442802
1442822
1442862
1442832
1442842
1442802
1442822
1442812
1442812
1442832
1442822
1442812
1442812
1442842
1442792
1442832
1442822
1442802
1442772
1442792
1442802
1442802
1442842
1442812
1442792
1442802
1442802
1442812
1442822
1442792
1442802
1442772
1442802
1442762
1442812
1442832
1442832
1442782
1442802
1442772
1442802
1442822
1442832
1442782
1442782
1442782
1442792
1442802
1442762
1442772
1442782
1442802
1442772
1442812
1442782
1442802
1442802
1442802
1442792
1442782
1442772
1442762
1442782
1442772
1442782
1442762
1442782
1442772
1442762
1442782
1442792
1442762
1442742
1442762
1442792
1442772
1442772
1442752
1442752
1442752
1442742
1442772
1442772
1442762
1442802
1442772
1442742
1442762
1508418
1508428
1508428
1508428
1508448
1508388
1508378
1508388
1508388
1508438
1508438
1508388
1508368
1508378
1508418
1508388
1508398
1508488
1508378
1508398
1508388
1508348
1508398
1508388
1508348
1508368
1508388
1508398
1508328
1508338
1508368
1508358
1508328
1508368
1508358
1508368
1508348
1508328
1508378
1508388
1508368
1508388
1508348
1508348
1508338
1508328
1508368
1508358
1508378
1508318
1508338
1508328
1508348
1508348
1508368
1508338
1508358
1508358
1508338
1508318
1508318
1508318
1508368
1508328
1508358
1508398
1508378
1508348
1508328
1508308
1508328
1508328
1508298
1508298
1508318
1508308
1508308
1508338
1508348
1508338
1508328
1508368
1508328
1508308
1508308
1508328
1508298
1508318
1508338
1508308
1508318
1508318
1508338
1508318
1508328
1508338
1508328
1508308
1508278
1508318
1508308
1508298
1508288
1508318
1508328
1508308
1508298
1508308
1508328
1508298
1508288
1508298
1508308
1508328
1508288
1508278
1508318
1508268
1508298
1508298
1508318
1508288
1508338
1508298
1508298
1508308
1508288
1508298
