656470
656450
656500
656460
656460
656480
656420
656450
656460
656450
656490
656450
656480
656450
656430
656450
656420
656440
656490
656430
656410
656450
656420
656430
656430
656430
656450
656450
656420
656460
656400
656460
656430
656430
656410
656440
656420
656400
656390
656390
656400
656430
656430
656420
656400
656430
656390
656410
656390
656450
656430
656410
656410
656410
656380
656420
656430
656440
656400
656390
656390
656400
656350
656390
656440
656490
656370
656370
656390
656380
656380
656390
656410
656380
656400
656390
656370
656360
656380
656380
656400
656400
656370
656360
656380
656400
656390
656340
656390
656410
656400
656370
656370
656360
656370
656370
656400
656380
656370
656370
656390
656360
656390
656390
656390
656380
656350
656370
656350
656410
656370
656350
656390
656360
656400
656350
656360
656390
656350
656350
656370
656340
656350
656350
656350
656360
656340
656360
722026
722046
722036
721996
721976
722016
721996
721956
721976
722016
721966
721976
721946
721966
722046
721986
721966
722006
721956
721966
721956
721976
721956
721936
721966
721936
721966
721966
721976
721956
721956
721996
721976
721976
721966
721916
721946
721986
721916
721996
721956
721946
721896
721996
721966
721896
721936
721926
721946
721926
721966
721926
721936
721946
721946
721946
721966
721956
721926
721956
721886
721916
721956
721946
721936
721906
721926
721926
721926
721936
721936
721936
721926
721946
721896
721926
721956
721926
721916
721956
721936
721946
721876
721896
721886
721926
721906
721926
721906
721946
721936
721906
721936
721896
721906
721886
721896
721946
721926
721926
721896
721906
721896
721876
721916
721906
721896
721926
721906
721906
721896
721906
721906
721896
721896
721926
721906
721906
721896
721936
721926
721886
721896
721906
721886
721936
721906
721896
