263204
263214
263214
263244
263254
263244
263194
263174
263234
263194
263244
263224
263244
263164
263184
263204
263204
263214
263184
263224
263224
263214
263214
263204
263224
263224
263194
263174
263184
263224
263214
263174
263194
263184
263184
263194
263214
263194
263204
263154
263184
263194
263214
263174
263214
263204
263174
263164
263174
263194
263194
263214
263194
263164
263164
263184
263184
263174
263174
263224
263154
263204
263154
263214
263144
263164
263164
263184
263194
263184
263184
263184
263174
263164
263144
263164
263184
263154
263204
263154
263144
263204
263164
263164
263164
263164
263194
263174
263164
263164
263164
263134
263194
263154
263144
263184
263174
263144
263164
263144
263144
263154
263194
263164
263164
263164
263134
263144
263144
263174
263134
263134
263194
263164
263154
263154
263174
263154
263184
263154
263144
263144
263174
263154
263154
263144
263164
263144
328740
328760
328770
328740
328790
328740
328780
328720
328810
328760
328780
328730
328740
328730
328730
328740
328720
328720
328760
328750
328740
328730
328750
328790
328710
328750
328720
328700
328740
328750
328730
328730
328750
328750
328720
328710
328730
328740
328720
328710
328700
328710
328740
328740
328760
328740
328720
328750
328740
328750
328690
328720
328710
328720
328720
328750
328700
328750
328710
328710
328730
328680
328700
328710
328740
328740
328710
328690
328730
328710
328720
328750
328730
328740
328770
328700
328720
328710
328760
328700
328710
328690
328670
328720
328740
328680
328680
328720
328710
328680
328680
328730
328690
328650
328710
328730
328720
328670
328690
328710
328690
328730
328700
328710
328710
328680
328700
328660
328690
328680
328690
328670
328670
328670
328700
328680
328670
328680
328700
328710
328680
328660
328690
328680
328720
328700
328710
328690
