1573924
1573944
1573934
1573954
1573924
1573954
1574004
1573964
1573974
1573954
1573914
1573914
1573964
1573934
1573924
1573904
1573974
1573944
1573934
1573934
1573944
1573944
1573924
1573914
1573904
1573924
1573914
1573874
1573914
1573904
1573894
1573894
1573904
1573904
1573894
1573914
1573894
1573944
1573874
1573884
1573934
1573904
1573874
1573904
1573894
1573884
1573864
1573874
1573924
1573884
1573884
1573914
1573884
1573884
1573894
1573884
1573894
1573874
1573884
1573894
1573884
1573844
1573894
1573874
1573864
1573844
1573874
1573894
1573894
1573864
1573884
1573884
1573864
1573894
1573844
1573854
1573864
1573864
1573884
1573884
1573874
1573874
1573834
1573884
1573834
1573854
1573864
1573834
1573844
1573854
1573844
1573854
1573834
1573904
1573814
1573844
1573864
1573844
1573844
1573844
1573844
1573834
1573844
1573874
1573894
1573844
1573884
1573844
1573844
1573814
1573864
1573854
1573864
1573834
1573834
1573834
1573834
1573834
1573854
1573854
1573814
1573834
1573824
1573824
1573834
1573814
1573864
1573834
1639490
1639490
1639480
1639480
1639510
1639490
1639490
1639520
1639490
1639470
1639460
1639480
1639480
1639440
1639520
1639460
1639430
1639450
1639490
1639430
1639420
1639460
1639520
1639450
1639450
1639390
1639420
1639460
1639420
1639460
1639450
1639460
1639460
1639440
1639410
1639440
1639440
1639430
1639420
1639450
1639410
1639450
1639400
1639430
1639420
1639430
1639440
1639430
1639400
1639420
1639440
1639430
1639440
1639430
1639440
1639430
1639420
1639410
1639390
1639420
1639420
1639400
1639410
1639430
1639390
1639400
1639430
1639370
1639410
1639440
1639410
1639390
1639380
1639380
1639440
1639360
1639410
1639370
1639410
1639410
1639410
1639650
1639380
1639380
1639390
1639410
1639390
1639370
1639380
1639410
1639410
1639390
1639410
1639400
1639360
1639370
1639390
1639400
1639360
1639410
1639410
1639400
1639390
1639410
1639370
1639380
1639390
1639360
1639380
1639380
1639370
1639380
1639350
1639400
1639370
1639380
1639410
1639370
1639370
1639370
1639370
1639380
1639360
1639390
1639380
1639390
1639390
1639360
