394266
394286
394266
394256
394256
394256
394286
394266
394276
394296
394256
394296
394276
394276
394256
394256
394236
394256
394246
394256
394246
394296
394226
394236
394236
394256
394246
394256
394266
394256
394246
394266
394236
394246
394226
394246
394246
394256
394236
394256
394226
394236
394216
394236
394256
394236
394216
394256
394226
394216
394226
394256
394216
394206
394196
394226
394226
394246
394236
394206
394196
394236
394216
394216
394226
394216
394216
394236
394226
394256
394186
394246
394216
394216
394246
394216
394226
394206
394206
394246
394206
394226
394206
394256
394216
394216
394246
394226
394216
394196
394216
394216
394236
394186
394216
394196
394226
394216
394226
394196
394206
394216
394216
394226
394196
394236
394196
394206
394206
394186
394206
394196
394186
394186
394166
394186
394196
394216
394206
394196
394236
394176
394206
394196
394176
394186
394196
394216
459792
459832
459792
459812
459792
459862
459792
459832
459802
459802
459772
459802
459762
459752
459792
459812
459772
459762
459812
459792
459792
459752
459802
459802
459772
459782
459762
459782
459792
459782
459822
459802
459752
459762
459762
459782
459792
459782
459762
459772
459742
459772
459732
459742
459782
459752
459742
459752
459752
459772
459752
459742
459762
459752
459802
459752
459752
459752
459752
459782
459742
459772
459752
459742
459772
459732
459782
459792
459732
459752
459762
459722
459752
459772
459752
459742
459742
459752
459762
459722
459762
459782
459752
459732
459772
459752
459782
459742
459692
459772
459752
459722
459742
459722
459772
459752
459722
459762
459742
459742
459722
459732
459752
459752
459762
459752
459742
459722
459722
459742
459712
459722
459752
459742
459732
459752
459742
459742
459742
459742
459772
459742
459732
459712
459732
459712
459742
459732
