1967190
1967160
1967150
1967150
1967160
1967160
1967130
1967140
1967140
1967160
1967140
1967130
1967140
1967100
1967150
1967100
1967120
1967140
1967130
1967120
1967130
1967180
1967110
1967120
1967090
1967120
1967140
1967060
1967080
1967090
1967100
1967120
1967100
1967110
1967100
1967080
1967080
1967150
1967090
1967110
1967120
1967080
1967090
1967130
1967080
1967070
1967100
1967070
1967050
1967080
1967080
1967080
1967060
1967060
1967080
1967100
1967070
1967100
1967080
1967060
1967050
1967050
1967100
1967060
1967110
1967060
1967070
1967050
1967100
1967090
1967100
1967070
1967110
1967040
1967100
1967080
1967060
1967110
1967080
1967070
1967070
1967050
1967100
1967040
1967060
1967070
1967030
1967040
1967080
1967080
1967060
1967060
1967070
1967080
1967060
1967060
1967060
1967090
1967040
1967040
1967070
1967070
1967070
1967060
1967040
1967070
1967040
1967050
1967080
1967070
1967050
1967050
1967060
1967040
1967050
1967040
1967060
1967070
1967120
1967070
1967100
1967060
1967070
1967060
1967060
1967030
1967080
1967050
2032686
2032676
2032666
2032716
2032726
2032696
2032676
2032666
2032716
2032686
2032656
2032656
2032646
2032676
2032646
2032676
2032646
2032726
2032656
2032656
2032666
2032666
2032706
2032666
2032646
2032666
2032666
2032696
2032686
2032626
2032656
2032676
2032646
2032636
2032626
2032606
2032616
2032636
2032646
2032636
2032646
2032626
2032596
2032616
2032586
2032616
2032656
2032636
2032616
2032606
2032626
2032626
2032596
2032596
2032586
2032636
2032576
2032616
2032606
2032636
2032566
2032596
2032576
2032596
2032606
2032606
2032616
2032596
2032576
2032586
2032586
2032606
2032586
2032636
2032606
2032626
2032606
2032646
2032606
2032596
2032606
2032586
2032636
2032616
2032586
2032606
2032616
2032616
2032596
2032596
2032606
2032576
2032596
2032616
2032626
2032606
2032616
2032616
2032576
2032606
2032616
2032586
2032626
2032556
2032616
2032586
2032626
2032626
2032596
2032576
2032596
2032606
2032606
2032606
2032586
2032566
2032586
2032586
2032616
2032576
2032626
2032646
2032566
2032576
2032566
2032586
2032616
2032586
