1836098
1836108
1836058
1836138
1836108
1836098
1836098
1836028
1836078
1836078
1836068
1836108
1836068
1836058
1836088
1836068
1836048
1836048
1836068
1836058
1836068
1836058
1836098
1836048
1836058
1836098
1836058
1836038
1836048
1836028
1836018
1836088
1836058
1836038
1836038
1836048
1836048
1836038
1836008
1836018
1836028
1836028
1836008
1836038
1836028
1836088
1836028
1836008
1836038
1836028
1836018
1836018
1836038
1836038
1836008
1836008
1835998
1836068
1836018
1836008
1836018
1836028
1836018
1836018
1835988
1836038
1836008
1836018
1836018
1836018
1835988
1835978
1835958
1836008
1835998
1836018
1835998
1835998
1836008
1836008
1836028
1835988
1835988
1835988
1836008
1835998
1836038
1835978
1836008
1836008
1836018
1835998
1835998
1835998
1836008
1835968
1835988
1836038
1836008
1835998
1835958
1835988
1835988
1836018
1835948
1835998
1835978
1835958
1835968
1835998
1835968
1836008
1835968
1836018
1835998
1835998
1836008
1835998
1835988
1835968
1835988
1835978
1835978
1835968
1835978
1835968
1835988
1836008
1901644
1901624
1901584
1901624
1901604
1901644
1901604
1901594
1901574
1901614
1901594
1901594
1901614
1901614
1901594
1901604
1901624
1901574
1901624
1901594
1901624
1901574
1901594
1901594
1901554
1901544
1901584
1901564
1901594
1901604
1901564
1901574
1901564
1901564
1901554
1901554
1901554
1901564
1901574
1901544
1901604
1901544
1901564
1901554
1901564
1901564
1901554
1901554
1901604
1901554
1901554
1901574
1901554
1901584
1901554
1901554
1901524
1901544
1901534
1901514
1901514
1901554
1901544
1901574
1901524
1901534
1901494
1901534
1901524
1901564
1901554
1901564
1901534
1901514
1901544
1901544
1901494
1901524
1901534
1901544
1901514
1901534
1901524
1901504
1901524
1901504
1901574
1901574
1901504
1901534
1901514
1901564
1901494
1901514
1901564
1901524
1901514
1901524
1901514
1901544
1901554
1901494
1901514
1901504
1901564
1901534
1901494
1901514
1901564
1901524
1901514
1901524
1901494
1901504
1901514
1901504
1901504
1901514
1901504
1901544
1901554
1901534
1901524
1901514
1901504
1901544
1901514
1901504
