1070
1060
1060
1030
1060
1030
1030
1060
1030
1050
1030
1030
1030
1040
1020
1030
1020
1020
1050
1030
1010
1000
1070
1070
1030
1020
1030
1010
1020
1000
1030
1010
1020
1060
1030
1040
1040
990
1020
1010
1000
990
1030
1010
1030
1000
1030
990
1040
980
980
1010
1030
1010
1000
1020
1030
970
980
990
1000
1020
1040
1000
1010
990
1010
1010
1000
1010
1010
990
970
1000
960
970
970
1000
980
980
960
970
970
980
990
960
970
960
990
970
990
970
1000
970
960
970
980
990
980
980
1010
1000
980
980
990
970
970
980
950
1000
970
1000
990
990
970
1020
1030
990
1010
1010
1010
1000
980
980
1010
1000
1010
970
66546
66546
66596
66576
66596
66536
66586
66556
66586
66576
66576
66556
66576
66556
66566
66556
66576
66586
66606
66556
66576
66566
66556
66536
66556
66566
66586
66626
66546
66536
66526
66516
66536
66556
66566
66546
66576
66546
66536
66556
66536
66586
66536
66536
66546
66556
66566
66526
66546
66556
66566
66536
66556
66556
66536
66556
66536
66536
66546
66556
66566
66516
66526
66506
66546
66526
66556
66546
66556
66596
66536
66526
66516
66536
66556
66526
66516
66516
66546
66536
66536
66546
66516
66526
66536
66516
66526
66486
66516
66516
66516
66496
66536
66556
66546
66526
66506
66516
66506
66486
66516
66516
66506
66506
66526
66526
66516
66536
66516
66506
66516
66566
66556
66556
66526
66526
66526
66506
66506
66516
66536
66506
66546
66526
66496
66556
66526
66506
132102
132092
132122
132112
132072
132072
132152
132112
132112
132102
132092
132122
132142
132062
132132
132122
132102
132132
132122
132072
132112
132102
132072
132092
132082
132102
132062
132072
132102
132052
132112
132102
132092
132092
132112
132082
132062
132102
132072
132102
132122
132112
132102
132072
132082
132082
132112
132092
132102
132112
132052
132072
132112
132062
132102
132072
132062
132072
132052
132082
132052
132102
132082
132092
132042
132082
132052
132062
132102
132082
132072
132082
132072
132082
132032
132042
132042
132062
132042
132092
132132
132072
132042
132062
132062
132052
132062
132052
132092
132082
132062
132062
132042
132062
132052
132082
132052
132092
132052
132052
132052
132062
132082
132052
132042
132042
132072
132042
132062
132052
132082
132092
132042
132062
132042
132062
132072
132052
132072
132052
132052
132092
132062
132072
132062
132042
132042
132052
197668
197658
197648
197658
197648
197718
197658
197628
197628
197658
197628
197668
197638
197618
197638
197628
197638
197628
197658
197628
197648
197648
197648
197698
197628
197638
197628
197658
197648
197628
197648
197608
197648
197638
197648
197698
197608
197648
197638
197618
197628
197608
197618
197628
197608
197648
197608
197618
197628
197598
197628
197648
197618
197598
197628
197628
197608
197598
197618
197598
197578
197618
197578
197628
197608
197618
197608
197648
197588
197638
197618
197608
197628
197598
197588
197598
197608
197588
197608
197608
197608
197638
197598
197608
197588
197568
197598
197608
197618
197588
197598
197608
197618
197618
197588
197578
197588
197568
197588
197598
197598
197598
197578
197588
197628
197608
197568
197608
197618
197608
197578
197578
197588
197578
197608
197588
197588
197568
197558
197598
197608
197598
197588
197588
197598
197608
197598
197598
263174
263174
263174
263194
263214
263204
263164
263124
263204
263154
263204
263194
263224
263134
263164
263184
263174
263174
263164
263184
263194
263174
263184
263164
263184
263194
263164
263144
263154
263184
263164
263144
263164
263184
263154
263154
263164
263164
263154
263134
263164
263164
263184
263134
263184
263164
263144
263134
263154
263164
263154
263174
263174
263144
263134
263144
263154
263144
263144
263184
263134
263154
263124
263154
263124
263124
263124
263154
263154
263164
263154
263144
263144
263144
263114
263134
263164
263144
263174
263134
263114
263184
263144
263134
263134
263134
263174
263144
263144
263134
263134
263104
263154
263134
263124
263154
263154
263114
263144
263124
263134
263134
263144
263144
263144
263134
263114
263124
263124
263144
263104
263104
263164
263154
263134
263134
263144
263134
263154
263124
263134
263124
263154
263134
263134
263114
263144
263114
328700
328710
328740
328710
328740
328690
328740
328690
328770
328720
328730
328700
328720
328700
328680
328710
328700
328690
328720
328710
328720
328700
328700
328740
328670
328720
328700
328670
328710
328700
328690
328710
328720
328710
328690
328670
328700
328710
328680
328680
328680
328690
328710
328710
328720
328720
328710
328700
328700
328720
328660
328700
328690
328690
328700
328720
328660
328710
328690
328710
328690
328650
328670
328680
328710
328690
328680
328660
328690
328690
328670
328720
328700
328710
328710
328690
328710
328700
328730
328660
328680
328690
328640
328690
328700
328650
328660
328700
328680
328660
328650
328700
328660
328640
328700
328730
328700
328660
328670
328680
328670
328720
328670
328680
328700
328660
328660
328650
328670
328660
328670
328660
328640
328670
328680
328660
328660
328660
328680
328680
328670
328630
328670
328660
328690
328670
328680
328680
394266
394286
394266
394256
394256
394256
394286
394266
394276
394296
394256
394296
394276
394276
394256
394256
394236
394256
394246
394256
394246
394296
394226
394236
394236
394256
394246
394256
394266
394256
394246
394266
394236
394246
394226
394246
394246
394256
394236
394256
394226
394236
394216
394236
394256
394236
394216
394256
394226
394216
394226
394256
394216
394206
394196
394226
394226
394246
394236
394206
394196
394236
394216
394216
394226
394216
394216
394236
394226
394256
394186
394246
394216
394216
394246
394216
394226
394206
394206
394246
394206
394226
394206
394256
394216
394216
394246
394226
394216
394196
394216
394216
394236
394186
394216
394196
394226
394216
394226
394196
394206
394216
394216
394226
394196
394236
394196
394206
394206
394186
394206
394196
394186
394186
394166
394186
394196
394216
394206
394196
394236
394176
394206
394196
394176
394186
394196
394216
459792
459832
459792
459812
459792
459862
459792
459832
459802
459802
459772
459802
459762
459752
459792
459812
459772
459762
459812
459792
459792
459752
459802
459802
459772
459782
459762
459782
459792
459782
459822
459802
459752
459762
459762
459782
459792
459782
459762
459772
459742
459772
459732
459742
459782
459752
459742
459752
459752
459772
459752
459742
459762
459752
459802
459752
459752
459752
459752
459782
459742
459772
459752
459742
459772
459732
459782
459792
459732
459752
459762
459722
459752
459772
459752
459742
459742
459752
459762
459722
459762
459782
459752
459732
459772
459752
459782
459742
459692
459772
459752
459722
459742
459722
459772
459752
459722
459762
459742
459742
459722
459732
459752
459752
459762
459752
459742
459722
459722
459742
459712
459722
459752
459742
459732
459752
459742
459742
459742
459742
459772
459742
459732
459712
459732
459712
459742
459732
525378
525378
525318
525348
525378
525348
525298
525318
525338
525328
525328
525338
525338
525308
525328
525318
525408
525328
525348
525358
525348
525338
525398
525288
525328
525318
525328
525328
525328
525288
525298
525328
525308
525338
525328
525358
525308
525278
525338
525338
525328
525358
525268
525318
525318
525268
525318
525278
525298
525328
525288
525298
525268
525298
525308
525308
525318
525298
525318
525308
525308
525298
525328
525308
525308
525298
525298
525278
525268
525288
525278
525288
525278
525278
525288
525288
525318
525298
525288
525258
525258
525298
525288
525288
525278
525288
525268
525288
525298
525298
525288
525268
525288
525268
525278
525308
525278
525278
525268
525268
525278
525288
525298
525268
525278
525288
525288
525278
525278
525288
525258
525258
525288
525278
525258
525288
525268
525278
525278
525248
525268
525268
525278
525288
525268
525268
525258
525258
590874
590884
590884
590884
590894
590884
590864
590864
590884
590904
590864
590864
590874
590884
590864
590864
590854
590864
590864
590874
590834
590884
590894
590844
590894
590884
590884
590824
590844
590864
590894
590854
590894
590864
590844
590834
590864
590854
590834
590844
590814
590854
590844
590834
590854
590874
590864
590864
590834
590824
590844
590844
590854
590824
590824
590804
590854
590814
590834
590854
590814
590844
590794
590804
590874
590864
590824
590814
590814
590854
590844
590814
590844
590794
590844
590834
590824
590824
590824
590834
590834
590814
590814
590824
590844
590824
590814
590804
590814
590824
590834
590804
590834
590844
590804
590864
590794
590814
590834
590834
590804
590804
590824
590794
590774
590804
590804
590844
590794
590794
590814
590804
590824
590814
590814
590814
590804
590804
590794
590804
590814
590804
590794
590804
590784
590824
590804
590774
656430
656400
656450
656420
656420
656460
656380
656410
656440
656410
656430
656420
656440
656400
656380
656420
656380
656400
656430
656390
656370
656410
656390
656390
656400
656410
656390
656410
656380
656420
656380
656430
656380
656380
656370
656390
656390
656360
656350
656360
656370
656390
656380
656370
656380
656390
656370
656370
656350
656410
656400
656370
656380
656380
656350
656390
656390
656410
656380
656370
656370
656370
656330
656350
656400
656410
656350
656340
656360
656350
656350
656370
656370
656360
656380
656370
656340
656340
656360
656350
656360
656380
656340
656340
656360
656380
656350
656320
656390
656390
656360
656340
656360
656340
656350
656350
656380
656350
656350
656340
656360
656350
656370
656360
656370
656360
656330
656340
656340
656380
656350
656330
656360
656340
656360
656340
656330
656380
656330
656340
656350
656310
656330
656330
656330
656330
656330
656340
721976
721986
721986
721946
721926
721976
721956
721916
721936
721966
721936
721946
721926
721916
721986
721956
721926
721966
721916
721946
721916
721946
721916
721896
721936
721896
721926
721926
721916
721936
721916
721956
721936
721936
721906
721886
721916
721956
721896
721956
721946
721906
721866
721946
721926
721876
721896
721896
721916
721896
721926
721916
721916
721906
721926
721916
721936
721916
721896
721936
721866
721886
721926
721936
721906
721906
721896
721906
721896
721906
721906
721916
721906
721906
721886
721916
721926
721906
721886
721906
721916
721916
721856
721876
721866
721896
721876
721906
721886
721906
721896
721886
721906
721876
721876
721866
721866
721906
721886
721906
721876
721886
721896
721866
721886
721896
721886
721886
721896
721886
721866
721896
721886
721866
721876
721886
721876
721886
721866
721886
721896
721856
721876
721866
721866
721936
721886
721866
787482
787462
787492
787482
787502
787512
787482
787472
787472
787522
787482
787522
787472
787482
787502
787472
787452
787482
787482
787432
787492
787512
787452
787492
787492
787442
787472
787482
787472
787512
787462
787462
787482
787452
787442
787462
787452
787432
787472
787462
787502
787462
787452
787442
787452
787442
787442
787462
787422
787492
787482
787412
787472
787472
787442
787462
787462
787432
787452
787412
787442
787422
787462
787442
787452
787482
787422
787442
787482
787432
787432
787432
787452
787452
787432
787442
787442
787442
787422
787412
787432
787462
787462
787442
787452
787452
787472
787412
787402
787442
787432
787432
787452
787422
787412
787412
787432
787402
787402
787442
787472
787432
787422
787402
787402
787422
787432
787412
787412
787422
787422
787422
787402
787442
787432
787442
787422
787402
787382
787422
787422
787412
787442
787402
787432
787412
787402
787412
853028
852988
853018
853078
853038
853018
852988
853068
853028
853048
852978
853008
852988
852998
852998
853028
853048
853028
852998
852998
852988
853008
852988
853018
853008
853028
853028
853018
853008
852978
853028
852998
853028
853038
853028
852988
852988
852988
853008
852998
852988
853018
853008
852998
853008
852978
852968
852968
852978
852978
852998
852968
852958
852968
852998
852978
852978
852988
852968
852988
852998
852988
852968
852978
852938
852998
852978
852958
852988
852958
853018
852998
852978
852968
852948
852978
852968
852988
852948
852958
852958
852968
852968
852988
853048
852968
852978
852928
852938
852968
852948
852968
852958
852968
852938
852968
852978
852958
852938
852988
853008
852958
852958
852938
852938
852978
852978
852958
852958
852948
852978
852938
852948
852938
852978
852928
852948
852958
852938
852938
852948
852948
852968
852958
852928
852958
852938
852958
918544
918494
918554
918554
918604
918564
918564
918594
918574
918614
918574
918584
918544
918604
918574
918564
918554
918554
918554
918564
918534
918524
918544
918504
918594
918554
918564
918564
918594
918554
918554
918574
918564
918574
918574
918524
918484
918534
918524
918554
918564
918534
918544
918574
918544
918524
918534
918524
918554
918524
918504
918544
918554
918524
918524
918514
918534
918514
918564
918494
918474
918544
918514
918544
918514
918524
918504
918504
918504
918524
918524
918544
918504
918544
918514
918514
918504
918514
918484
918504
918514
918504
918504
918524
918524
918504
918504
918494
918484
918524
918514
918494
918464
918494
918494
918484
918504
918504
918494
918524
918514
918504
918484
918504
918514
918484
918524
918504
918474
918494
918494
918494
918514
918484
918494
918494
918494
918524
918484
918504
918514
918504
918494
918484
918504
918494
918484
918504
984120
984110
984100
984110
984110
984110
984110
984120
984100
984080
984130
984090
984100
984180
984080
984090
984120
984130
984050
984050
984100
984130
984070
984070
984070
984110
984100
984090
984070
984080
984080
984040
984100
984090
984060
984060
984090
984080
984070
984070
984070
984090
984050
984070
984010
984060
984030
984090
984050
984070
984070
984090
984080
984090
984080
984060
984100
984060
984030
984080
984040
984040
984040
984030
984040
984060
984050
984080
984020
984060
984030
984040
984020
984050
984030
984090
984060
984040
984070
984080
984060
984060
984040
984050
984080
984070
984030
984010
984020
984050
984040
984060
984040
984060
984030
984030
984010
984070
984050
984050
984050
984040
984020
984040
984040
984060
984030
984040
984030
984010
984050
984040
984040
984010
984030
984030
984010
984010
984050
984030
984010
984010
984050
984010
984020
984060
984010
984040
1049586
1049636
1049666
1049636
1049646
1049656
1049646
1049636
1049606
1049626
1049636
1049606
1049636
1049626
1049616
1049646
1049646
1049626
1049636
1049646
1049646
1049596
1049656
1049596
1049606
1049616
1049616
1049606
1049596
1049596
1049606
1049616
1049616
1049606
1049636
1049606
1049636
1049646
1049606
1049626
1049626
1049626
1049616
1049566
1049636
1049626
1049586
1049606
1049616
1049606
1049616
1049596
1049616
1049616
1049586
1049566
1049566
1049586
1049606
1049616
1049596
1049586
1049596
1049646
1049556
1049596
1049556
1049576
1049556
1049586
1049596
1049576
1049576
1049596
1049556
1049586
1049556
1049576
1049606
1049596
1049546
1049586
1049556
1049546
1049556
1049606
1049566
1049596
1049546
1049566
1049546
1049576
1049596
1049556
1049546
1049566
1049546
1049566
1049556
1049576
1049586
1049566
1049566
1049586
1049566
1049556
1049566
1049546
1049586
1049586
1049566
1049586
1049536
1049536
1049556
1049546
1049576
1049576
1049526
1049556
1049556
1049556
1049576
1049576
1049576
1049586
1049566
1049566
1115202
1115172
1115222
1115172
1115162
1115202
1115172
1115152
1115212
1115172
1115142
1115142
1115172
1115162
1115182
1115182
1115182
1115162
1115162
1115142
1115162
1115212
1115172
1115152
1115172
1115122
1115142
1115142
1115162
1115132
1115142
1115152
1115162
1115132
1115152
1115192
1115182
1115142
1115102
1115182
1115152
1115172
1115132
1115152
1115122
1115172
1115112
1115122
1115122
1115132
1115142
1115142
1115132
1115142
1115142
1115162
1115142
1115142
1115142
1115132
1115152
1115122
1115122
1115122
1115122
1115122
1115102
1115132
1115132
1115112
1115112
1115122
1115102
1115112
1115102
1115142
1115112
1115102
1115112
1115122
1115122
1115132
1115102
1115102
1115142
1115142
1115172
1115112
1115112
1115122
1115112
1115102
1115082
1115122
1115072
1115092
1115102
1115112
1115082
1115092
1115092
1115072
1115122
1115102
1115132
1115102
1115082
1115092
1115112
1115102
1115092
1115102
1115072
1115072
1115132
1115062
1115102
1115082
1115152
1115132
1115122
1115092
1115072
1115122
1115122
1115082
1115092
1115092
1180708
1180778
1180738
1180728
1180698
1180718
1180698
1180698
1180698
1180758
1180718
1180688
1180698
1180748
1180738
1180728
1180708
1180718
1180658
1180708
1180668
1180688
1180718
1180678
1180688
1180718
1180708
1180688
1180658
1180658
1180688
1180698
1180708
1180678
1180658
1180658
1180648
1180698
1180678
1180708
1180678
1180678
1180678
1180688
1180658
1180658
1180668
1180678
1180658
1180678
1180668
1180658
1180688
1180718
1180648
1180668
1180628
1180648
1180688
1180708
1180658
1180668
1180688
1180658
1180688
1180668
1180638
1180648
1180648
1180668
1180678
1180678
1180628
1180598
1180648
1180658
1180678
1180668
1180668
1180648
1180638
1180608
1180638
1180638
1180638
1180668
1180648
1180678
1180628
1180678
1180638
1180668
1180638
1180668
1180668
1180628
1180638
1180638
1180608
1180648
1180658
1180648
1180628
1180648
1180638
1180608
1180608
1180668
1180618
1180638
1180618
1180648
1180638
1180628
1180668
1180628
1180648
1180688
1180638
1180648
1180608
1180638
1180628
1180628
1180608
1180598
1180638
1180618
1246264
1246284
1246244
1246294
1246264
1246294
1246224
1246234
1246264
1246244
1246244
1246304
1246274
1246244
1246244
1246234
1246224
1246254
1246254
1246224
1246254
1246224
1246244
1246264
1246204
1246254
1246234
1246214
1246224
1246194
1246224
1246224
1246244
1246204
1246214
1246204
1246194
1246164
1246224
1246204
1246234
1246234
1246204
1246204
1246204
1246204
1246234
1246194
1246214
1246214
1246214
1246204
1246204
1246234
1246204
1246204
1246224
1246194
1246234
1246214
1246204
1246194
1246214
1246194
1246184
1246214
1246194
1246194
1246194
1246194
1246174
1246154
1246204
1246184
1246174
1246174
1246164
1246214
1246194
1246174
1246174
1246224
1246174
1246174
1246184
1246164
1246194
1246174
1246184
1246224
1246174
1246164
1246164
1246154
1246184
1246164
1246204
1246164
1246164
1246154
1246184
1246164
1246184
1246164
1246144
1246184
1246164
1246154
1246164
1246174
1246234
1246154
1246154
1246174
1246164
1246154
1246134
1246154
1246164
1246154
1246144
1246164
1246184
1246194
1246164
1246144
1246154
1246194
1311810
1311820
1311760
1311800
1311780
1311830
1311810
1311840
1311780
1311790
1311840
1311780
1311810
1311770
1311760
1311750
1311760
1311790
1311780
1311730
1311770
1311770
1311820
1311790
1311760
1311770
1311770
1311740
1311790
1311770
1311790
1311800
1311750
1311770
1311740
1311770
1311800
1311730
1311780
1311730
1311750
1311750
1311730
1311770
1311770
1311730
1311770
1311770
1311770
1311750
1311770
1311760
1311740
1311700
1311740
1311760
1311690
1311710
1311740
1311730
1311700
1311750
1311740
1311770
1311710
1311750
1311730
1311680
1311750
1311710
1311710
1311740
1311770
1311680
1311740
1311720
1311730
1311700
1311720
1311720
1311710
1311770
1311760
1311720
1311700
1311720
1311710
1311720
1311690
1311710
1311710
1311720
1311730
1311730
1311690
1311710
1311720
1311700
1311740
1311730
1311710
1311710
1311690
1311700
1311690
1311690
1311720
1311680
1311740
1311690
1311690
1311730
1311700
1311680
1311670
1311700
1311690
1311700
1311740
1311690
1311720
1311670
1311680
1311670
1311710
1311680
1311700
1311690
1377376
1377336
1377346
1377316
1377336
1377376
1377356
1377286
1377296
1377356
1377326
1377336
1377296
1377316
1377356
1377286
1377356
1377296
1377326
1377286
1377376
1377326
1377316
1377266
1377286
1377316
1377316
1377306
1377316
1377306
1377306
1377296
1377326
1377316
1377336
1377286
1377276
1377326
1377316
1377276
1377276
1377276
1377286
1377306
1377286
1377286
1377276
1377276
1377276
1377286
1377286
1377326
1377276
1377266
1377306
1377246
1377326
1377266
1377246
1377296
1377276
1377276
1377296
1377246
1377286
1377216
1377226
1377266
1377246
1377266
1377256
1377286
1377266
1377246
1377266
1377236
1377296
1377266
1377286
1377256
1377256
1377256
1377256
1377256
1377256
1377326
1377216
1377276
1377236
1377256
1377266
1377266
1377246
1377276
1377256
1377256
1377236
1377236
1377256
1377216
1377216
1377206
1377256
1377236
1377266
1377246
1377246
1377256
1377256
1377236
1377226
1377216
1377226
1377246
1377216
1377226
1377236
1377236
1377226
1377226
1377216
1377246
1377206
1377236
1377226
1377206
1377236
1377226
1442852
1442842
1442892
1442892
1442852
1442852
1442882
1442872
1442852
1442862
1442872
1442882
1442852
1442862
1442852
1442862
1442822
1442842
1442842
1442832
1442862
1442862
1442892
1442852
1442822
1442832
1442822
1442852
1442872
1442892
1442872
1442852
1442782
1442832
1442842
1442832
1442802
1442822
1442822
1442852
1442802
1442822
1442862
1442832
1442842
1442802
1442822
1442812
1442812
1442832
1442822
1442812
1442812
1442842
1442792
1442832
1442822
1442802
1442772
1442792
1442802
1442802
1442842
1442812
1442792
1442802
1442802
1442812
1442822
1442792
1442802
1442772
1442802
1442762
1442812
1442832
1442832
1442782
1442802
1442772
1442802
1442822
1442832
1442782
1442782
1442782
1442792
1442802
1442762
1442772
1442782
1442802
1442772
1442812
1442782
1442802
1442802
1442802
1442792
1442782
1442772
1442762
1442782
1442772
1442782
1442762
1442782
1442772
1442762
1442782
1442792
1442762
1442742
1442762
1442792
1442772
1442772
1442752
1442752
1442752
1442742
1442772
1442772
1442762
1442802
1442772
1442742
1442762
1508418
1508428
1508428
1508428
1508448
1508388
1508378
1508388
1508388
1508438
1508438
1508388
1508368
1508378
1508418
1508388
1508398
1508488
1508378
1508398
1508388
1508348
1508398
1508388
1508348
1508368
1508388
1508398
1508328
1508338
1508368
1508358
1508328
1508368
1508358
1508368
1508348
1508328
1508378
1508388
1508368
1508388
1508348
1508348
1508338
1508328
1508368
1508358
1508378
1508318
1508338
1508328
1508348
1508348
1508368
1508338
1508358
1508358
1508338
1508318
1508318
1508318
1508368
1508328
1508358
1508398
1508378
1508348
1508328
1508308
1508328
1508328
1508298
1508298
1508318
1508308
1508308
1508338
1508348
1508338
1508328
1508368
1508328
1508308
1508308
1508328
1508298
1508318
1508338
1508308
1508318
1508318
1508338
1508318
1508328
1508338
1508328
1508308
1508278
1508318
1508308
1508298
1508288
1508318
1508328
1508308
1508298
1508308
1508328
1508298
1508288
1508298
1508308
1508328
1508288
1508278
1508318
1508268
1508298
1508298
1508318
1508288
1508338
1508298
1508298
1508308
1508288
1508298
1573924
1573944
1573934
1573954
1573924
1573954
1574004
1573964
1573974
1573954
1573914
1573914
1573964
1573934
1573924
1573904
1573974
1573944
1573934
1573934
1573944
1573944
1573924
1573914
1573904
1573924
1573914
1573874
1573914
1573904
1573894
1573894
1573904
1573904
1573894
1573914
1573894
1573944
1573874
1573884
1573934
1573904
1573874
1573904
1573894
1573884
1573864
1573874
1573924
1573884
1573884
1573914
1573884
1573884
1573894
1573884
1573894
1573874
1573884
1573894
1573884
1573844
1573894
1573874
1573864
1573844
1573874
1573894
1573894
1573864
1573884
1573884
1573864
1573894
1573844
1573854
1573864
1573864
1573884
1573884
1573874
1573874
1573834
1573884
1573834
1573854
1573864
1573834
1573844
1573854
1573844
1573854
1573834
1573904
1573814
1573844
1573864
1573844
1573844
1573844
1573844
1573834
1573844
1573874
1573894
1573844
1573884
1573844
1573844
1573814
1573864
1573854
1573864
1573834
1573834
1573834
1573834
1573834
1573854
1573854
1573814
1573834
1573824
1573824
1573834
1573814
1573864
1573834
1639490
1639490
1639480
1639480
1639510
1639490
1639490
1639520
1639490
1639470
1639460
1639480
1639480
1639440
1639520
1639460
1639430
1639450
1639490
1639430
1639420
1639460
1639520
1639450
1639450
1639390
1639420
1639460
1639420
1639460
1639450
1639460
1639460
1639440
1639410
1639440
1639440
1639430
1639420
1639450
1639410
1639450
1639400
1639430
1639420
1639430
1639440
1639430
1639400
1639420
1639440
1639430
1639440
1639430
1639440
1639430
1639420
1639410
1639390
1639420
1639420
1639400
1639410
1639430
1639390
1639400
1639430
1639370
1639410
1639440
1639410
1639390
1639380
1639380
1639440
1639360
1639410
1639370
1639410
1639410
1639410
1639450
1639380
1639380
1639390
1639410
1639390
1639370
1639380
1639410
1639410
1639390
1639410
1639400
1639360
1639370
1639390
1639400
1639360
1639410
1639410
1639400
1639390
1639410
1639370
1639380
1639390
1639360
1639380
1639380
1639370
1639380
1639350
1639400
1639370
1639380
1639410
1639370
1639370
1639370
1639370
1639380
1639360
1639390
1639380
1639390
1639390
1639360
1705016
1704986
1705026
1705026
1704996
1705056
1704986
1704996
1705026
1705006
1704976
1705046
1704996
1705016
1704986
1705036
1704996
1704976
1705016
1704986
1704976
1705016
1704986
1704956
1704996
1704966
1704996
1704996
1704986
1704986
1704956
1704986
1704976
1705006
1704996
1704986
1705006
1704996
1704966
1704956
1704986
1704986
1704976
1704966
1704996
1704956
1704986
1704926
1704946
1704986
1704966
1704966
1704936
1704956
1704936
1704956
1704946
1704946
1704946
1704946
1704966
1704976
1704966
1704936
1704966
1704936
1704956
1704926
1705006
1704936
1704926
1704936
1704926
1704936
1704956
1704936
1704956
1704966
1704906
1704976
1704916
1704906
1704896
1704966
1704966
1704946
1704916
1704976
1704926
1704936
1704926
1704956
1704986
1704916
1704926
1704946
1704926
1704906
1704906
1704926
1704936
1704956
1704936
1704896
1704906
1704936
1704916
1704896
1704926
1704906
1704946
1704916
1704946
1704926
1704936
1704906
1704916
1704916
1704936
1704926
1704926
1704896
1704896
1704916
1704916
1704926
1704936
1704906
1770572
1770552
1770552
1770552
1770562
1770512
1770522
1770562
1770532
1770552
1770502
1770512
1770522
1770532
1770562
1770512
1770562
1770592
1770512
1770572
1770502
1770552
1770542
1770542
1770542
1770522
1770472
1770552
1770542
1770522
1770522
1770502
1770562
1770512
1770522
1770512
1770522
1770522
1770482
1770532
1770532
1770532
1770482
1770522
1770542
1770482
1770442
1770502
1770482
1770472
1770492
1770502
1770502
1770482
1770502
1770492
1770452
1770502
1770502
1770472
1770472
1770462
1770472
1770492
1770492
1770482
1770492
1770482
1770442
1770462
1770472
1770472
1770492
1770462
1770462
1770482
1770442
1770442
1770482
1770482
1770482
1770482
1770442
1770482
1770492
1770472
1770442
1770472
1770462
1770452
1770472
1770462
1770442
1770452
1770452
1770482
1770452
1770492
1770472
1770492
1770482
1770442
1770462
1770472
1770422
1770452
1770452
1770462
1770492
1770452
1770452
1770442
1770442
1770462
1770442
1770432
1770482
1770492
1770452
1770432
1770442
1770452
1770482
1770432
1770452
1770492
1770442
1770442
1836098
1836108
1836058
1836138
1836108
1836098
1836098
1836028
1836078
1836078
1836068
1836108
1836068
1836058
1836088
1836068
1836048
1836048
1836068
1836058
1836068
1836058
1836098
1836048
1836058
1836098
1836058
1836038
1836048
1836028
1836018
1836088
1836058
1836038
1836038
1836048
1836048
1836038
1836008
1836018
1836028
1836028
1836008
1836038
1836028
1836088
1836028
1836008
1836038
1836028
1836018
1836018
1836038
1836038
1836008
1836008
1835998
1836068
1836018
1836008
1836018
1836028
1836018
1836018
1835988
1836038
1836008
1836018
1836018
1836018
1835988
1835978
1835958
1836008
1835998
1836018
1835998
1835998
1836008
1836008
1836028
1835988
1835988
1835988
1836008
1835998
1836038
1835978
1836008
1836008
1836018
1835998
1835998
1835998
1836008
1835968
1835988
1836038
1836008
1835998
1835958
1835988
1835988
1836018
1835948
1835998
1835978
1835958
1835968
1835998
1835968
1836008
1835968
1836018
1835998
1835998
1836008
1835998
1835988
1835968
1835988
1835978
1835978
1835968
1835978
1835968
1835988
1836008
1901644
1901624
1901584
1901624
1901604
1901644
1901604
1901594
1901574
1901614
1901594
1901594
1901614
1901614
1901594
1901604
1901624
1901574
1901624
1901594
1901624
1901574
1901594
1901594
1901554
1901544
1901584
1901564
1901594
1901604
1901564
1901574
1901564
1901564
1901554
1901554
1901554
1901564
1901574
1901544
1901604
1901544
1901564
1901554
1901564
1901564
1901554
1901554
1901604
1901554
1901554
1901574
1901554
1901584
1901554
1901554
1901524
1901544
1901534
1901514
1901514
1901554
1901544
1901574
1901524
1901534
1901494
1901534
1901524
1901564
1901554
1901564
1901534
1901514
1901544
1901544
1901494
1901524
1901534
1901544
1901514
1901534
1901524
1901504
1901524
1901504
1901574
1901574
1901504
1901534
1901514
1901564
1901494
1901514
1901564
1901524
1901514
1901524
1901514
1901544
1901554
1901494
1901514
1901504
1901564
1901534
1901494
1901514
1901564
1901524
1901514
1901524
1901494
1901504
1901514
1901504
1901504
1901514
1901504
1901544
1901554
1901534
1901524
1901514
1901504
1901544
1901514
1901504
1967190
1967160
1967150
1967150
1967160
1967160
1967130
1967140
1967140
1967160
1967140
1967130
1967140
1967100
1967150
1967100
1967120
1967140
1967130
1967120
1967130
1967180
1967110
1967120
1967090
1967120
1967140
1967060
1967080
1967090
1967100
1967120
1967100
1967110
1967100
1967080
1967080
1967150
1967090
1967110
1967120
1967080
1967090
1967130
1967080
1967070
1967100
1967070
1967050
1967080
1967080
1967080
1967060
1967060
1967080
1967100
1967070
1967100
1967080
1967060
1967050
1967050
1967100
1967060
1967110
1967060
1967070
1967050
1967100
1967090
1967100
1967070
1967110
1967040
1967100
1967080
1967060
1967110
1967080
1967070
1967070
1967050
1967100
1967040
1967060
1967070
1967030
1967040
1967080
1967080
1967060
1967060
1967070
1967080
1967060
1967060
1967060
1967090
1967040
1967040
1967070
1967070
1967070
1967060
1967040
1967070
1967040
1967050
1967080
1967070
1967050
1967050
1967060
1967040
1967050
1967040
1967060
1967070
1967120
1967070
1967100
1967060
1967070
1967060
1967060
1967030
1967080
1967050
2032686
2032676
2032666
2032716
2032726
2032696
2032676
2032666
2032716
2032686
2032656
2032656
2032646
2032676
2032646
2032676
2032646
2032726
2032656
2032656
2032666
2032666
2032706
2032666
2032646
2032666
2032666
2032696
2032686
2032626
2032656
2032676
2032646
2032636
2032626
2032606
2032616
2032636
2032646
2032636
2032646
2032626
2032596
2032616
2032586
2032616
2032656
2032636
2032616
2032606
2032626
2032626
2032596
2032596
2032586
2032636
2032576
2032616
2032606
2032636
2032566
2032596
2032576
2032596
2032606
2032606
2032616
2032596
2032576
2032586
2032586
2032606
2032586
2032636
2032606
2032626
2032606
2032646
2032606
2032596
2032606
2032586
2032636
2032616
2032586
2032606
2032616
2032616
2032596
2032596
2032606
2032576
2032596
2032616
2032626
2032606
2032616
2032616
2032576
2032606
2032616
2032586
2032626
2032556
2032616
2032586
2032626
2032626
2032596
2032576
2032596
2032606
2032606
2032606
2032586
2032566
2032586
2032586
2032616
2032576
2032626
2032646
2032566
2032576
2032566
2032586
2032616
2032586
