1049586
1049636
1049666
1049636
1049646
1049656
1049646
1049636
1049606
1049626
1049636
1049606
1049636
1049626
1049616
1049646
1049646
1049626
1049636
1049646
1049646
1049596
1049656
1049596
1049606
1049616
1049616
1049606
1049596
1049596
1049606
1049616
1049616
1049606
1049636
1049606
1049636
1049646
1049606
1049626
1049626
1049626
1049616
1049566
1049636
1049626
1049586
1049606
1049616
1049606
1049616
1049596
1049616
1049616
1049586
1049566
1049566
1049586
1049606
1049616
1049596
1049586
1049596
1049646
1049556
1049596
1049556
1049576
1049556
1049586
1049596
1049576
1049576
1049596
1049556
1049586
1049556
1049576
1049606
1049596
1049546
1049586
1049556
1049546
1049556
1049606
1049566
1049596
1049546
1049566
1049546
1049576
1049596
1049556
1049546
1049566
1049546
1049566
1049556
1049576
1049586
1049566
1049566
1049586
1049566
1049556
1049566
1049546
1049586
1049586
1049566
1049586
1049536
1049536
1049556
1049546
1049576
1049576
1049526
1049556
1049556
1049556
1049576
1049576
1049576
1049586
1049566
1049566
1115202
1115172
1115222
1115172
1115162
1115202
1115172
1115152
1115212
1115172
1115142
1115142
1115172
1115162
1115182
1115182
1115182
1115162
1115162
1115142
1115162
1115212
1115172
1115152
1115172
1115122
1115142
1115142
1115162
1115132
1115142
1115152
1115162
1115132
1115152
1115192
1115182
1115142
1115102
1115182
1115152
1115172
1115132
1115152
1115122
1115172
1115112
1115122
1115122
1115132
1115142
1115142
1115132
1115142
1115142
1115162
1115142
1115142
1115142
1115132
1115152
1115122
1115122
1115122
1115122
1115122
1115102
1115132
1115132
1115112
1115112
1115122
1115102
1115112
1115102
1115142
1115112
1115102
1115112
1115122
1115122
1115132
1115102
1115102
1115142
1115142
1115172
1115112
1115112
1115122
1115112
1115102
1115082
1115122
1115072
1115092
1115102
1115112
1115082
1115092
1115092
1115072
1115122
1115102
1115132
1115102
1115082
1115092
1115112
1115102
1115092
1115102
1115072
1115072
1115132
1115062
1115102
1115082
1115152
1115132
1115122
1115092
1115072
1115122
1115122
1115082
1115092
1115092
