1967230
1967190
1967200
1967190
1967190
1967210
1967180
1967170
1967170
1967210
1967200
1967190
1967190
1967140
1967190
1967140
1967170
1967170
1967160
1967150
1967160
1967220
1967150
1967150
1967110
1967170
1967180
1967100
1967120
1967120
1967130
1967160
1967140
1967160
1967130
1967100
1967120
1967180
1967130
1967140
1967150
1967110
1967130
1967140
1967110
1967100
1967120
1967100
1967080
1967100
1967110
1967100
1967100
1967090
1967120
1967130
1967090
1967120
1967120
1967100
1967090
1967090
1967120
1967110
1967110
1967090
1967100
1967090
1967140
1967120
1967120
1967070
1967150
1967070
1967130
1967100
1967100
1967130
1967090
1967090
1967120
1967080
1967130
1967080
1967100
1967090
1967050
1967080
1967100
1967100
1967090
1967090
1967110
1967090
1967080
1967090
1967090
1967130
1967070
1967070
1967100
1967100
1967100
1967100
1967060
1967090
1967070
1967070
1967110
1967090
1967080
1967080
1967100
1967070
1967080
1967070
1967090
1967090
1967160
1967100
1967120
1967090
1967070
1967090
1967090
1967060
1967130
1967080
2032736
2032726
2032696
2032766
2032776
2032736
2032716
2032726
2032756
2032726
2032696
2032686
2032686
2032706
2032696
2032706
2032686
2032766
2032686
2032696
2032696
2032696
2032736
2032706
2032696
2032716
2032696
2032756
2032716
2032676
2032676
2032716
2032656
2032676
2032676
2032646
2032636
2032666
2032676
2032656
2032676
2032666
2032616
2032656
2032606
2032646
2032706
2032656
2032646
2032626
2032636
2032656
2032616
2032616
2032606
2032656
2032606
2032636
2032616
2032656
2032596
2032626
2032616
2032626
2032636
2032636
2032656
2032626
2032616
2032626
2032626
2032626
2032626
2032666
2032636
2032676
2032666
2032686
2032646
2032606
2032636
2032616
2032656
2032636
2032606
2032626
2032626
2032636
2032626
2032626
2032636
2032606
2032646
2032656
2032666
2032636
2032636
2032636
2032596
2032646
2032636
2032616
2032646
2032596
2032636
2032616
2032636
2032636
2032636
2032586
2032616
2032626
2032646
2032626
2032606
2032596
2032606
2032616
2032646
2032606
2032656
2032676
2032596
2032616
2032606
2032626
2032646
2032606
