1311870
1311850
1311790
1311840
1311820
1311850
1311830
1311870
1311810
1311820
1311860
1311810
1311820
1311800
1311780
1311780
1311810
1311820
1311810
1311790
1311820
1311810
1311850
1311830
1311770
1311800
1311800
1311770
1311810
1311810
1311840
1311810
1311780
1311800
1311760
1311790
1311830
1311760
1311790
1311770
1311780
1311780
1311750
1311790
1311800
1311780
1311790
1311790
1311800
1311790
1311800
1311800
1311770
1311720
1311770
1311800
1311710
1311730
1311760
1311760
1311730
1311780
1311770
1311790
1311730
1311770
1311750
1311700
1311780
1311720
1311740
1311760
1311780
1311700
1311750
1311730
1311760
1311730
1311740
1311760
1311720
1311760
1311760
1311740
1311720
1311750
1311730
1311750
1311710
1311740
1311730
1311740
1311770
1311760
1311720
1311720
1311740
1311730
1311750
1311740
1311730
1311730
1311720
1311710
1311710
1311710
1311750
1311700
1311750
1311710
1311720
1311750
1311710
1311700
1311700
1311710
1311710
1311720
1311750
1311710
1311740
1311710
1311710
1311690
1311720
1311700
1311720
1311700
1377406
1377376
1377376
1377366
1377376
1377396
1377386
1377316
1377336
1377396
1377366
1377376
1377336
1377366
1377386
1377316
1377406
1377326
1377366
1377316
1377406
1377356
1377346
1377306
1377316
1377346
1377346
1377326
1377346
1377346
1377326
1377306
1377366
1377336
1377376
1377316
1377306
1377356
1377356
1377316
1377316
1377306
1377316
1377326
1377306
1377316
1377296
1377306
1377326
1377296
1377316
1377366
1377326
1377296
1377326
1377286
1377356
1377306
1377276
1377316
1377316
1377326
1377326
1377276
1377306
1377256
1377246
1377296
1377276
1377286
1377266
1377306
1377276
1377266
1377296
1377256
1377326
1377286
1377296
1377296
1377296
1377276
1377276
1377276
1377266
1377326
1377246
1377306
1377256
1377286
1377286
1377296
1377276
1377296
1377276
1377286
1377256
1377266
1377286
1377246
1377236
1377226
1377276
1377256
1377286
1377286
1377266
1377276
1377286
1377256
1377246
1377236
1377246
1377266
1377236
1377246
1377246
1377256
1377256
1377246
1377236
1377256
1377226
1377256
1377246
1377236
1377246
1377246
