787532
787502
787532
787532
787552
787562
787522
787512
787522
787542
787512
787552
787502
787542
787532
787542
787492
787502
787512
787472
787532
787552
787482
787532
787522
787482
787512
787512
787522
787552
787492
787502
787532
787492
787482
787482
787492
787462
787502
787492
787542
787492
787482
787472
787482
787472
787472
787502
787462
787542
787512
787442
787512
787492
787462
787492
787492
787462
787472
787442
787482
787462
787482
787482
787492
787482
787462
787472
787522
787472
787452
787442
787462
787462
787462
787472
787492
787462
787452
787452
787462
787492
787482
787472
787472
787492
787492
787442
787432
787472
787462
787472
787462
787432
787442
787442
787442
787442
787432
787462
787502
787442
787432
787432
787422
787442
787472
787422
787442
787442
787442
787442
787442
787452
787452
787472
787442
787412
787412
787462
787432
787432
787442
787422
787452
787442
787422
787442
853078
853038
853058
853118
853098
853068
853028
853108
853058
853078
853018
853048
853028
853038
853048
853048
853088
853058
853038
853038
853028
853058
853028
853048
853038
853088
853058
853078
853038
852998
853058
853028
853058
853058
853088
853028
853028
853048
853058
853028
853008
853058
853038
853018
853028
853008
853018
852998
853028
853008
853018
852998
852988
853008
853028
853018
853028
853028
852998
853008
853018
853018
853008
853008
852978
853038
853018
852988
853018
852978
853038
853018
853018
852988
852988
853008
852988
853028
852978
853008
852998
852988
853008
853018
853048
852998
853048
852958
852968
852988
852978
853008
852988
852978
852958
852988
853018
852978
852968
853018
853038
852988
852998
852958
852978
852978
852988
852988
852978
852968
852998
852968
852978
852968
852998
852958
852978
852978
852968
852948
852968
852998
852988
852978
852948
852988
852968
852978
