94607360
84131840
84111360
63160320
73625600
84152320
63150080
84111360
63180800
63119360
52654080
63160320
63150080
63150080
52643840
73635840
42147840
42147840
63150080
73656320
52695040
52664320
73635840
52633600
73676800
73697280
63129600
52654080
52664320
63191040
73676800
42178560
52674560
189132800
73666560
63170560
63150080
52705280
73707520
63160320
42188800
42178560
63160320
84203520
63170560
63201280
73707520
63191040
63201280
52715520
52746240
42178560
73707520
52705280
63191040
73676800
63180800
52705280
42219520
63201280
42199040
63201280
52664320
42199040
63221760
52695040
52715520
63191040
94720000
63191040
63211520
73768960
31692800
52684800
52746240
42219520
42240000
52695040
52746240
52705280
42250240
52725760
52746240
42199040
73717760
52725760
52725760
42260480
42199040
52715520
42199040
42229760
73779200
84275200
42240000
42240000
42229760
63232000
42219520
31733760
63211520
63252480
42229760
52715520
52736000
63262720
31754240
52746240
42240000
63211520
63242240
52725760
42219520
52746240
42240000
84244480
63191040
73779200
52695040
73728000
84193280
63232000
42188800
42209280
73748480
42240000
52715520
52787200
52664321
52654081
63098881
42127361
84131841
52664321
84142081
52674561
52623361
63129601
73635841
52664321
52633601
63160321
52643841
52654081
63139841
63150081
73635841
52664321
63129601
63160321
63180801
42168321
52654081
52654081
84172801
105072641
52643841
42168321
52695041
52715521
42178561
42168321
52643841
52664321
63160321
52664321
63232001
63201281
42188801
63160321
52684801
63191041
63191041
73666561
105195521
63180801
52684801
63201281
63180801
63221761
94750721
42168321
52725761
73707521
84244481
73748481
84224001
63191041
63211521
42188801
52715521
42219521
52674561
63252481
42168321
73738241
52695041
115691521
52684801
52715521
42178561
52684801
63232001
63252481
52766721
52725761
42188801
52674561
63211521
52725761
52736001
73748481
73707521
52705281
42219521
42229761
63252481
73758721
42219521
52756481
63221761
84193281
52736001
42240001
31744001
52746241
42260481
42270721
52715521
84285441
42240001
52725761
63211521
52736001
42229761
73768961
63211521
42229761
42240001
52695041
63201281
42219521
63262721
73728001
63262721
42229761
31723521
42188801
73707521
52736001
52695041
42219521
42270721
63180801
73779201
52766721
52633602
52674562
52633602
73697282
63221762
73687042
73615362
63139842
63150082
63139842
63201282
52613122
63119362
42188802
73605122
52643842
63160322
73666562
63139842
52674562
63129602
52654082
63180802
42168322
42158082
63150082
42147842
52674562
52684802
52695042
73666562
52664322
42158082
52643842
73666562
42158082
42199042
42158082
52664322
52633602
52664322
63150082
84172802
42168322
52664322
52654082
94699522
63180802
63211522
73666562
42209282
52715522
84203522
63232002
73676802
42178562
52736002
52725762
73728002
42188802
52756482
73697282
52715522
63180802
42199042
63191042
42199042
52725762
42168322
52684802
63211522
52746242
52736002
42209282
31703042
52746242
52705282
52705282
42209282
73707522
73635842
52725762
42219522
42219522
52746242
42209282
42219522
63262722
52695042
73728002
63211522
31692802
52746242
42229762
52756482
63232002
52766722
52684802
42240002
52736002
52776962
63211522
42229762
42250242
52736002
52756482
52695042
63252482
63252482
42240002
63201282
94760962
42209282
63232002
52746242
52725762
73728002
42199042
52715522
42250242
42229762
73717762
31703042
52715522
63232002
42240002
42250242
52797442
272865283
220385283
52643843
63139843
105175043
       3
94658563
63170563
73646083
52643843
52654083
84152323
84172803
63201283
73666563
52674563
73697283
52654083
42168323
52643843
52664323
52643843
73646083
84111363
73676803
63170563
42147843
73635843
52643843
52654083
42147843
52684803
63160323
73646083
63150083
157634563
42188803
63160323
63201283
73717763
63180803
42178563
63160323
52684803
52633603
84213763
52725763
42168323
52674563
63211523
52684803
52664323
73728003
42199043
42178563
42219523
84254723
63232003
52705283
42188803
52756483
52705283
31713283
52705283
84234243
42188803
42178563
63191043
31672323
73687043
73728003
52674563
105236483
52715523
52746243
63262723
63211523
42219523
73717763
52695043
63221763
84213763
63232003
73738243
42199043
42250243
42219523
42240003
42219523
31682563
52715523
63201283
63232003
73728003
42219523
52736003
42250243
42199043
52715523
52715523
63211523
52715523
42260483
42240003
63221763
42199043
42260483
42188803
63272963
52766723
52787203
63252483
63252483
42250243
63232003
73748483
42229763
42219523
42240003
52715523
52787203
73758723
63242243
42219523
42219523
42219523
73758723
52756483
63150084
63160324
63150084
73615364
63109124
63098884
63170564
73687044
52623364
52674564
63129604
63160324
84121604
63191044
52674564
52654084
63150084
63160324
63160324
52633604
63139844
52664324
63119364
42147844
63160324
52654084
42158084
42158084
52695044
73656324
42158084
42168324
52664324
73738244
42178564
52664324
52674564
52674564
73707524
52715524
52664324
42158084
73656324
52705284
52684804
52684804
52684804
52695044
42168324
52695044
52664324
63180804
52643844
73707524
42199044
42219524
94740484
42188804
52725764
73687044
42199044
73728004
52715524
42158084
63242244
52695044
52695044
52684804
52695044
63201284
52715524
84244484
42199044
63201284
42199044
42229764
52715524
52746244
84203524
52705284
42229764
84172804
52715524
52725764
63180804
94801924
52705284
63221764
73707524
42219524
42188804
42270724
84213764
52776964
52705284
52705284
52695044
42209284
52736004
31713284
63252484
63232004
84254724
84275204
73738244
42240004
42229764
42219524
42219524
52736004
31754244
42229764
42188804
52705284
52715524
52766724
42199044
52756484
63201284
31713284
42229764
52736004
52715524
52746244
73789444
42240004
52746244
73768964
63150085
73676805
94617605
52633605
84090885
63160325
94648325
52664325
84070405
63139845
63119365
52654085
105195525
52643845
52695045
63139845
42158085
52643845
63150085
52643845
63150085
63180805
63170565
73646085
52695045
63139845
52664325
52684805
63160325
73676805
52695045
84183045
63180805
84183045
42158085
52684805
52654085
84193285
63201285
52674565
63211525
52674565
73697285
52654085
73676805
52643845
52664325
52654085
52643845
52664325
42188805
52654085
42199045
63170565
63170565
73676805
42219525
73707525
52674565
52705285
42178565
52725765
52715525
42199045
52664325
52664325
42188805
52705285
63180805
52674565
31682565
63180805
52674565
84213765
52715525
42188805
52705285
52674565
105205765
52715525
52725765
42219525
52756485
63201285
73717765
52736005
31733765
42209285
63221765
42199045
42178565
52695045
52756485
52766725
42199045
84213765
52715525
31733765
42229765
42219525
31682565
73728005
42209285
42219525
52715525
52756485
52736005
42240005
42219525
42199045
63262725
42260485
42229765
42229765
52746245
63262725
42250245
63211525
52746245
52736005
42229765
31774725
52756485
52766725
63211525
42199045
52725765
63252485
84111366
52582406
63109126
73605126
73646086
63129606
73615366
73656326
115630086
94586886
73615366
126126086
52613126
73635846
63150086
94648326
52643846
42137606
63160326
52623366
52643846
94627846
63170566
52664326
52664326
52664326
42158086
63139846
63150086
63201286
73646086
52664326
52623366
63170566
52674566
94699526
84172806
52654086
115701766
63129606
84213766
42147846
52684806
73707526
42147846
52654086
63201286
63160326
42178566
73748486
52695046
73676806
52736006
42168326
42209286
73728006
52674566
63150086
52705286
52715526
42168326
63201286
52725766
52674566
52695046
42209286
52715526
42188806
42168326
73676806
52725766
63201286
52695046
52695046
42188806
52705286
52695046
42219526
52695046
73728006
52725766
73707526
42199046
52674566
52684806
63252486
105216006
52725766
31682566
42219526
52674566
52705286
73728006
63252486
63232006
31744006
52715526
42199046
52715526
52746246
31692806
31723526
42219526
42219526
42250246
94740486
42229766
42219526
63262726
42240006
52725766
52756486
42229766
42260486
31774726
63334406
52746246
52725766
42219526
42240006
63211526
52776966
42229766
52756486
31754246
52776966
63232006
63252486
84090887
262348807
63119367
84142087
52633607
188743687
84162567
73574407
52623367
63119367
52633607
157644807
52664327
52664327
63129607
73656327
42137607
63150087
63129607
52623367
52623367
42168327
63129607
63119367
63170567
63129607
52695047
63180807
84213767
63170567
84162567
94689287
52705287
63191047
52695047
52654087
52633607
52684807
63170567
63201287
42199047
63191047
42209287
42199047
84183047
52664327
52705287
42188807
52705287
73717767
42199047
52715527
63201287
42178567
73666567
52725767
42178567
52705287
42147847
63201287
42188807
42158087
73748487
42199047
63191047
42240007
115732487
63191047
52715527
52715527
52715527
42199047
73717767
63191047
52705287
52725767
31682567
52715527
52725767
31723527
52705287
52725767
63201287
42209287
52695047
52705287
52695047
63211527
42229767
42188807
42178567
31733767
63303687
52684807
84254727
52715527
42229767
63232007
31733767
42240007
42250247
42199047
42188807
31733767
63232007
52684807
42219527
31703047
31723527
42229767
31754247
42240007
52756487
42219527
31723527
42199047
63232007
63232007
52736007
73799687
63252487
42229767
63293447
42240007
42219527
52797447
52756487
63293447
       8
41943048
63139848
157573128
126085128
73605128
63170568
52623368
73646088
63150088
63160328
73676808
94658568
63160328
84131848
73687048
       8
63129608
84142088
84131848
63109128
63119368
       8
63170568
63160328
73666568
52633608
94648328
63129608
52715528
52725768
73656328
63170568
63139848
52643848
73646088
73717768
42199048
63150088
63150088
84213768
115650568
52684808
73676808
42178568
52736008
73697288
42178568
73728008
84193288
42168328
52695048
42188808
84193288
52695048
73707528
42158088
63201288
73697288
42209288
73738248
42147848
52633608
52664328
73687048
52705288
84234248
42240008
42229768
42199048
52695048
31682568
52746248
42209288
42188808
63211528
52705288
63201288
52736008
63272968
42199048
42188808
63252488
73666568
42229768
52695048
84254728
63211528
42199048
42178568
42219528
42229768
42188808
42209288
84244488
52705288
52746248
42209288
63283208
52736008
63232008
52736008
52756488
42199048
52756488
52725768
52715528
52725768
52776968
52725768
42280968
42260488
63262728
63252488
42280968
84285448
42270728
52725768
63272968
42260488
52807688
42250248
42219528
73779208
42240008
52736008
42270728
42280968
73584649
63098889
105144329
73615369
63098889
73574409
105144329
84142089
84121609
63109129
52633609
63139849
84152329
63129609
63109129
94658569
52633609
52654089
52643849
73666569
52684809
73635849
126126089
52684809
84111369
73635849
63160329
42168329
42137609
105164809
84121609
73666569
63098889
94638089
63201289
73676809
52684809
42168329
63211529
52664329
42178569
94668809
31662089
52695049
63170569
73666569
52664329
63180809
52664329
52674569
52725769
63160329
42168329
73717769
63221769
42219529
42178569
42199049
42158089
84193289
52705289
42178569
42229769
42240009
63160329
63180809
42209289
42168329
52736009
63180809
94740489
42199049
63221769
42229769
63170569
63201289
42199049
31703049
42229769
52695049
42209289
52715529
42260489
52736009
52684809
31723529
42229769
31703049
52756489
52746249
52725769
42209289
63211529
63221769
42229769
105246729
31723529
42219529
52715529
52736009
63293449
52736009
52746249
42260489
63334409
42260489
31713289
63221769
42270729
42219529
42209289
42240009
63232009
42219529
73820169
42209289
31744009
63293449
42250249
63272969
52756489
63272969
42270729
42280969
42229769
52756489
63283209
31754249
115640330
73625610
147087370
73594890
84101130
63078410
73656330
94668810
63109130
94617610
105082890
73615370
73605130
63109130
94709770
73625610
73687050
73666570
126105610
63160330
52684810
84121610
42147850
42168330
73625610
63109130
94709770
94638090
52664330
84142090
52674570
84111370
52674570
73697290
52674570
63160330
63170570
52684810
52725770
42188810
52684810
52633610
63170570
42178570
73707530
73676810
42209290
42147850
42209290
94679050
63170570
52695050
42178570
63201290
42209290
52695050
63150090
84172810
52705290
52684810
73728010
63211530
31703050
42178570
157716490
157716490
52715530
42219530
42199050
42178570
63211530
52705290
52684810
52725770
42199050
42158090
52715530
42199050
63221770
52736010
52705290
52695050
42219530
63293450
52715530
84244490
42219530
42260490
63232010
73717770
63262730
52715530
42199050
52736010
42229770
63242250
52736010
84275210
63283210
42250250
42199050
31774730
73748490
31713290
73748490
52746250
42260490
42219530
31764490
63232010
31754250
42250250
52766730
31733770
63283210
52756490
52756490
73768970
42229770
42260490
42219530
31754250
42270730
42311690
42250250
42260490
31744010
42260490
167772171
      11
      11
84101131
84142091
84070411
94586891
52654091
73625611
136591371
63119371
63129611
52654091
73666571
105103371
73615371
63150091
84121611
73666571
63139851
63180811
52633611
73676811
52684811
63150091
52643851
84172811
63160331
73676811
52654091
52654091
84152331
94668811
105154571
52684811
42209291
52654091
84142091
52695051
94648331
63170571
63221771
42209291
63180811
63160331
42209291
63221771
42168331
63180811
42158091
84224011
42168331
42168331
63170571
42158091
42178571
84183051
63191051
52695051
63201291
42240011
52725771
84213771
52674571
63201291
42199051
42188811
52705291
42199051
42219531
52705291
42178571
31672331
63201291
31713291
63221771
42158091
52684811
52725771
52715531
31703051
63221771
42240011
52736011
42209291
52725771
52746251
52705291
42178571
52725771
73738251
63221771
52725771
42188811
42209291
31774731
42250251
42178571
42219531
52725771
52746251
42240011
42229771
42209291
42260491
52736011
42250251
31713291
31703051
52736011
42240011
52736011
73758731
42250251
42280971
52736011
42229771
73758731
42240011
63272971
52756491
52766731
42219531
31744011
31764491
52695051
42250251
42219531
63139852
63119372
94648332
73605132
84101132
73553932
73594892
63119372
147189772
84111372
63109132
94607372
63119372
94648332
94617612
63150092
73666572
73646092
63129612
42178572
84131852
126115852
52643852
94648332
63119372
52664332
63129612
52643852
63170572
94586892
63129612
73666572
147169292
63191052
52654092
73687052
73697292
63232012
94689292
105164812
126146572
105185292
52654092
42168332
42158092
31672332
73687052
73697292
52695052
84152332
52643852
31703052
105144332
73666572
42178572
42158092
73707532
42178572
52684812
52725772
42168332
42188812
52674572
63211532
73717772
52684812
42199052
63201292
73676812
42209292
52705292
42188812
63211532
52664332
63232012
52674572
31672332
52725772
52715532
31703052
52736012
42158092
52684812
42199052
52736012
73707532
84213772
63293452
52736012
84213772
42199052
52715532
42219532
31733772
42250252
42240012
31744012
42250252
73820172
52695052
73697292
31723532
42188812
42260492
42250252
52756492
52725772
42199052
42291212
42199052
42250252
42260492
42229772
42209292
42219532
42188812
42199052
42240012
31784972
42250252
42240012
42240012
52736012
42270732
31733772
52776972
31692812
42219532
272834573
73666573
52613133
      13
115578893
94627853
63160333
157378573
63109133
84070413
63170573
63109133
63201293
73615373
84152333
84142093
115589133
63088653
73656333
63170573
84172813
73666573
52664333
84162573
52623373
73615373
105134093
94617613
63150093
42178573
73635853
73687053
63129613
63139853
84080653
52643853
52664333
52654093
73646093
52654093
42168333
73676813
63191053
42147853
52684813
73687053
63180813
52705293
52684813
52684813
63180813
42188813
42199053
52674573
42147853
63160333
73728013
63180813
42188813
42168333
84224013
52684813
42147853
52674573
63262733
42178573
73707533
42229773
73728013
42199053
84193293
42188813
73738253
42188813
42188813
63232013
31672333
52684813
52756493
52705293
52736013
52725773
31692813
73738253
73656333
31692813
115732493
52776973
31723533
42199053
42199053
52725773
63232013
42199053
31744013
42229773
73728013
42219533
42250253
63201293
105216013
42209293
52756493
31744013
42240013
42219533
73758733
52736013
84264973
42240013
52736013
42260493
63313933
31703053
63232013
42280973
42199053
42260493
63272973
31744013
31733773
42219533
52746253
42291213
42229773
52756493
42270733
42260493
73605134
136550414
63098894
73594894
105072654
63119374
84111374
84121614
94597134
      14
73615374
105062414
94679054
125992974
94607374
73625614
73615374
63139854
73615374
73605134
73666574
52654094
63150094
52664334
147046414
94658574
84131854
94638094
115589134
63139854
63150094
115640334
73656334
84111374
73635854
63170574
42199054
84172814
52633614
105164814
73646094
63170574
63150094
73656334
52674574
63170574
73697294
52695054
94648334
52684814
42178574
84183054
42168334
52705294
73697294
42209294
63191054
52715534
52633614
52705294
42209294
73656334
31662094
63180814
52695054
63211534
52684814
52684814
73717774
42188814
63211534
73687054
63232014
84162574
63201294
63211534
73748494
52674574
31723534
63232014
63221774
42209294
42199054
42178574
73697294
42199054
42219534
52736014
31713294
73728014
63211534
31744014
31754254
52725774
42229774
42240014
73748494
52725774
42229774
52705294
52705294
52736014
42250254
42219534
63242254
42250254
52705294
42240014
42178574
42229774
42219534
52715534
52725774
52746254
31754254
42280974
31692814
52725774
31744014
42229774
42209294
42219534
42229774
42260494
63232014
52797454
31764494
84346894
105052175
105031695
84090895
63078415
84070415
105134095
94607375
94607375
94617615
84172815
209735695
73605135
63088655
      15
94648335
73615375
126095375
136519695
52664335
42168335
73615375
      15
73656335
63160335
63150095
147159055
52602895
73625615
63191055
84172815
63150095
52695055
115660815
84142095
52654095
63180815
105134095
73656335
63180815
42168335
94679055
94648335
52684815
94689295
42219535
52664335
42178575
63170575
42147855
52664335
52674575
73687055
73666575
84193295
115691535
63211535
84152335
63201295
63221775
63191055
42199055
42168335
42219535
52695055
42188815
42178575
73697295
63201295
42240015
63191055
42240015
52695055
52695055
63232015
52725775
105195535
42199055
42188815
63180815
73717775
52705295
31682575
52715535
31662095
73687055
42178575
52725775
42219535
52756495
42209295
42229775
52715535
52746255
52684815
52756495
63242255
42260495
63201295
52715535
52705295
63221775
63232015
42250255
94781455
52746255
63201295
42219535
52776975
42199055
31764495
52756495
63252495
63262735
42250255
52736015
52725775
31784975
31754255
42229775
42250255
42270735
31774735
42219535
52787215
42229775
42199055
42199055
42209295
115527696
84080656
105103376
105123856
84111376
94597136
73594896
63109136
63139856
63129616
73605136
73635856
63109136
84162576
94638096
105113616
105123856
84131856
84101136
94658576
73584656
63170576
94607376
73687056
63160336
84172816
73635856
63139856
52654096
52654096
52643856
73646096
105175056
42127376
63160336
63170576
84121616
136601616
52643856
73615376
73656336
52633616
63139856
63211536
63129616
63139856
52674576
84193296
73666576
105185296
63160336
52725776
73646096
52674576
73738256
52705296
42188816
52664336
73676816
94668816
52695056
52695056
42168336
63129616
52705296
42168336
42229776
52705296
42240016
31672336
52705296
52705296
52715536
52705296
52756496
52695056
42209296
31682576
73687056
73707536
42270736
31682576
52736016
31733776
31713296
63180816
42209296
31682576
42250256
42229776
42240016
52715536
73728016
42209296
42229776
42199056
52766736
31723536
42229776
42219536
73748496
31713296
42199056
52695056
52756496
52736016
42240016
52756496
63221776
31744016
52736016
52746256
42240016
42260496
42291216
42270736
73728016
73789456
31795216
42260496
31764496
42250256
84275216
52736016
52766736
42219536
31744016
52756496
      17
104857617
241346577
94566417
105103377
      17
94627857
73635857
188938257
73635857
52664337
52623377
105144337
73635857
84090897
73605137
105134097
84121617
105164817
52633617
73646097
251811857
84121617
73656337
84121617
52674577
73646097
63170577
115619857
63191057
63129617
63139857
52664337
63160337
63129617
115609617
63088657
63139857
42209297
84152337
94668817
63098897
63160337
42137617
42168337
52613137
84213777
63180817
73707537
63180817
73738257
52654097
52664337
63160337
94679057
63129617
84193297
63201297
42199057
42178577
63191057
63201297
52695057
63211537
52705297
52674577
42178577
63191057
42188817
52664337
42168337
63201297
73738257
63221777
52705297
52674577
52705297
52695057
84254737
52684817
63170577
52664337
42188817
42199057
52664337
84183057
94689297
42199057
31713297
42168337
63242257
42240017
21227537
42188817
42219537
31713297
42209297
52725777
52746257
42250257
42240017
31764497
52705297
63262737
63201297
42240017
42240017
52736017
52756497
73789457
52746257
42240017
42240017
31723537
52766737
31774737
63232017
42199057
42209297
42188817
73738257
42240017
42301457
42199057
52695057
31733777
42270737
31774737
      18
      18
      18
      18
84131858
94545938
94586898
73605138
94627858
      18
84111378
84121618
63119378
136591378
136509458
115599378
126126098
94597138
52664338
73605138
63160338
52643858
84131858
63180818
94658578
84090898
94627858
73656338
63221778
52643858
52613138
84152338
63139858
63160338
42147858
63170578
52684818
63139858
84172818
73615378
52674578
73646098
94689298
63139858
63180818
42158098
105216018
73656338
42178578
73676818
84183058
42168338
84142098
136622098
52695058
42199058
52695058
63232018
63170578
63139858
42158098
63180818
63191058
52695058
63180818
52684818
31723538
63211538
73728018
52684818
126248978
63221778
42209298
42240018
42209298
42178578
73666578
73707538
84213778
31713298
42209298
31713298
52746258
42229778
31723538
73707538
52715538
73748498
42199058
73687058
52736018
73717778
63252498
42178578
94750738
52746258
52695058
73738258
31733778
42199058
42240018
84254738
42291218
42229778
31723538
42250258
42250258
73738258
31713298
42199058
42250258
52705298
52746258
31733778
31723538
42229778
63272978
52684818
52736018
42240018
31764498
42229778
42250258
42209298
31733778
31825938
84285458
52797458
      19
      19
      19
125829139
      19
      19
84131859
63088659
230871059
73625619
84080659
      19
199362579
94627859
84090899
94627859
52613139
115558419
63088659
73605139
126105619
73646099
63129619
73584659
73656339
73615379
126126099
84162579
63139859
63139859
84152339
73656339
115630099
73707539
84152339
63160339
63160339
52674579
63139859
42158099
52633619
94638099
52664339
73707539
84183059
63180819
84142099
52684819
73687059
42168339
73646099
63150099
63180819
63160339
52674579
52684819
63150099
31672339
84172819
63150099
63191059
84203539
73666579
52674579
52684819
42158099
42178579
73717779
52705299
42188819
42209299
42229779
63180819
63232019
52684819
52736019
63242259
42168339
63201299
42240019
52725779
73687059
63191059
63252499
52746259
42250259
63211539
42240019
42209299
136714259
52756499
52736019
42260499
42209299
42209299
42229779
42199059
52756499
31733779
42280979
73748499
31713299
63221779
52776979
31723539
52715539
52776979
42219539
42229779
52725779
52705299
31754259
42240019
31713299
31733779
31703059
42291219
42260499
31703059
42270739
42260499
42209299
52756499
63262739
42291219
31723539
42250259
52736019
      20
      20
73615380
      20
230881300
      20
126003220
      20
105144340
105082900
      20
105113620
84090900
84131860
84152340
73656340
73605140
73615380
73594900
52643860
84121620
63109140
168038420
105103380
52664340
94627860
52633620
52633620
115640340
73656340
105113620
84111380
73676820
84131860
42147860
115650580
115599380
84183060
94668820
63180820
52654100
84172820
42168340
84152340
84131860
52654100
52654100
73656340
105144340
84152340
63150100
73666580
52664340
31703060
63160340
73646100
42270740
42188820
94699540
42188820
42199060
94668820
73717780
63170580
42199060
52664340
52684820
31744020
105195540
42240020
52695060
63191060
115650580
31754260
52695060
84244500
94709780
52746260
52684820
42209300
42178580
52725780
63201300
52674580
42199060
42199060
42219540
42188820
42260500
42209300
42209300
42178580
73728020
52695060
31723540
63283220
52725780
42240020
63211540
52725780
42250260
52725780
42260500
42209300
42219540
42219540
63252500
31774740
63272980
42229780
52756500
63201300
52797460
31764500
31754260
31744020
42280980
42199060
94750740
42240020
52746260
42229780
31754260
42270740
42229780
42250260
52746260
31754260
      21
      21
293816341
146995221
188866581
      21
167956501
73646101
63129621
199393301
73574421
94586901
73625621
63098901
136581141
84183061
241356821
84131861
73605141
52633621
      21
73615381
73594901
63150101
73635861
73646101
73605141
73646101
84121621
157603861
105134101
63170581
147107861
52623381
136622101
52623381
52654101
126105621
126115861
42137621
63160341
63170581
42158101
94699541
73687061
63170581
52705301
42158101
63180821
63201301
52654101
136632341
63170581
42178581
52664341
42178581
105205781
63180821
42199061
73687061
52674581
73656341
105164821
52715541
63160341
52725781
42209301
63191061
42178581
52705301
42188821
94679061
52725781
42178581
63180821
42209301
84172821
63232021
84213781
63180821
52695061
42229781
52695061
63211541
42188821
73666581
31754261
42188821
52756501
42158101
42199061
42188821
42188821
84234261
42178581
42209301
73820181
63242261
42188821
52807701
31744021
42260501
52725781
42240021
52705301
52746261
52715541
73768981
94791701
52766741
42240021
42270741
42219541
42229781
31754261
42270741
42270741
42199061
52766741
31713301
31754261
52756501
42260501
42240021
42301461
31733781
52756501
31713301
115558422
84101142
136314902
      22
94627862
73615382
157296662
115578902
105144342
73594902
105093142
115548182
84090902
63078422
105144342
94597142
73646102
115660822
63119382
73615382
84142102
94597142
293816342
84142102
63139862
105154582
63119382
73615382
126115862
147097622
115578902
73615382
52674582
84142102
73646102
42117142
63211542
42178582
42137622
126115862
42178582
63170582
94607382
73625622
73676822
63201302
63139862
52664342
73676822
52664342
84172822
52695062
73687062
115609622
52715542
63170582
63201302
31662102
52736022
52684822
73748502
63180822
63160342
42178582
63232022
52695062
52674582
63211542
63160342
31692822
63211542
42199062
42229782
52776982
42147862
73687062
105175062
42219542
52705302
42229782
52725782
73676822
94689302
31703062
52725782
52715542
42209302
31692822
42229782
52746262
42209302
63211542
52746262
52695062
52776982
73707542
52715542
52746262
52705302
52756502
42229782
42240022
31723542
63313942
42209302
31764502
42250262
31733782
42250262
52746262
52715542
42270742
31784982
42250262
52725782
63283222
52766742
42270742
31744022
42280982
42280982
73768982
42240022
63272982
42250262
94832662
31764502
42260502
      23
      23
      23
      23
      23
220405783
73584663
126136343
73594903
283320343
94566423
73605143
73615383
73646103
105072663
94597143
94638103
      23
73635863
105113623
73615383
73656343
73635863
105144343
84203543
105185303
115609623
73605143
63191063
84213783
63150103
63180823
52705303
84121623
84152343
73635863
73676823
63201303
84142103
115609623
105134103
73635863
73676823
52643863
63170583
42168343
94658583
63150103
63129623
42178583
52705303
63201303
63170583
63201303
84172823
42158103
52705303
73666583
42158103
52684823
52715543
52705303
105175063
42178583
94679063
147107863
136693783
63211543
63201303
42229783
52746263
73697303
31744023
42240023
52715543
31713303
42219543
63211543
42168343
84213783
73728023
147179543
73738263
42229783
42229783
73758743
31733783
52746263
52736023
42250263
52725783
42219543
63211543
42178583
52715543
52695063
63252503
52746263
42260503
52736023
42219543
42260503
42291223
42240023
52715543
63252503
52776983
42219543
63211543
31744023
31713303
52725783
42250263
42219543
31744023
31774743
73748503
31764503
31744023
31723543
42260503
31754263
73717783
42250263
31784983
52766743
63262743
42209303
      24
      24
      24
      24
168028184
      24
      24
      24
73400344
147005464
84111384
94617624
94597144
73594904
136632344
63150104
230860824
115589144
84090904
84111384
115568664
94617624
63109144
63129624
63119384
115630104
94638104
52664344
94679064
94668824
42137624
52643864
94658584
94638104
73687064
73625624
63139864
94648344
84183064
52664344
126105624
84162584
42188824
52664344
73656344
63150104
52695064
73697304
115640344
63191064
52695064
73646104
52695064
94709784
94679064
52684824
52664344
42178584
63201304
84183064
115681304
63211544
94689304
42168344
52715544
42168344
105236504
73676824
94658584
52695064
73707544
63180824
63201304
63180824
31713304
63232024
73707544
52695064
147200024
52664344
52736024
63191064
52776984
84234264
52766744
52736024
42209304
42240024
42240024
42199064
42240024
52746264
42291224
73666584
42291224
52756504
52715544
52736024
42199064
42240024
63272984
42250264
42219544
42219544
84203544
42188824
105246744
42229784
52756504
31795224
52736024
52776984
63242264
63283224
42240024
42219544
42291224
42240024
42209304
42280984
42250264
42209304
31713304
31744024
63313944
31754264
105328664
42260504
62914585
      25
209858585
230860825
      25
41943065
126064665
      25
115609625
94586905
105123865
115589145
84111385
63139865
188876825
94586905
52623385
63119385
73605145
73646105
52643865
84203545
251842585
94617625
84142105
63180825
42147865
94627865
73717785
73605145
63109145
94617625
147128345
94679065
52674585
63129625
73666585
42158105
52664345
73656345
63170585
115671065
42188825
73666585
94658585
63180825
63150105
94668825
73738265
73676825
73646105
73656345
52674585
73676825
84162585
73646105
63191065
31651865
73707545
42188825
52684825
42147865
63160345
73676825
42199065
42199065
52674585
31692825
52715545
105175065
42199065
42188825
42229785
42240025
94658585
52756505
63211545
42219545
52725785
42188825
84162585
52756505
52715545
31713305
42209305
94709785
42250265
42229785
63221785
52684825
52695065
52736025
52705305
52684825
42270745
42219545
52736025
42199065
31744025
52674585
73738265
63211545
63303705
73728025
31713305
63262745
52746265
31764505
73758745
52715545
94822425
42260505
31764505
42188825
42199065
63252505
63232025
73768985
42199065
31723545
42229785
63272985
21258265
52736025
42229785
42250265
42209305
42291225
      26
146800666
272844826
157296666
84080666
      26
84111386
94627866
115558426
94586906
73625626
      26
94638106
126105626
94607386
178370586
84121626
84142106
115619866
84142106
84152346
94597146
73635866
63180826
73594906
73666586
73615386
73625626
84131866
115619866
63139866
84142106
52664346
105103386
63119386
84142106
84142106
105123866
84142106
42168346
84121626
84172826
94668826
94668826
136642586
73656346
63150106
52695066
73717786
73676826
84234266
52674586
42188826
42147866
42188826
52664346
52695066
63211546
63191066
63180826
73676826
63170586
94658586
42178586
52664346
42178586
84193306
63201306
52695066
63221786
52715546
52715546
52746266
31682586
73676826
52705306
73687066
63191066
42229786
63191066
52776986
42229786
31713306
94709786
105164826
63191066
31703066
73687066
42219546
42158106
31723546
73707546
147128346
42209306
42209306
73707546
52695066
73789466
42188826
52736026
73738266
94709786
52705306
42250266
42229786
31682586
63252506
31733786
52746266
42229786
52736026
52746266
73768986
42199066
84244506
31733786
52756506
42219546
94750746
42219546
52725786
52776986
31744026
52766746
63283226
52725786
52746266
31723546
220323867
157480987
230830107
126095387
209899547
94607387
115630107
105093147
94607387
157603867
63150107
94658587
94617627
84121627
84070427
73605147
94576667
157552667
52643867
      27
52654107
84090907
94627867
126115867
94627867
84131867
52664347
105103387
126115867
73605147
84131867
105154587
63139867
63139867
115609627
73646107
63139867
63119387
42137627
84121627
115681307
136622107
52654107
105175067
126126107
42178587
42209307
63180827
52664347
63160347
52674587
84152347
52695067
52674587
73676827
52684827
42199067
52664347
63139867
52705307
63201307
63242267
31713307
73676827
94679067
63191067
73697307
63211547
42260507
52705307
42209307
52725787
63221787
63221787
52715547
52684827
42199067
42229787
52715547
84213787
105246747
52684827
42168347
52695067
94689307
42188827
42209307
52695067
42209307
52705307
31682587
73728027
31744027
42178587
63211547
63221787
31744027
52736027
42178587
63180827
73728027
31733787
42209307
42219547
42280987
42219547
63242267
52766747
42209307
42229787
52746267
42219547
42229787
52715547
42229787
42270747
63221787
63221787
73768987
42301467
42240027
42219547
52715547
52715547
84275227
63201307
42250267
42250267
      28
      28
136560668
      28
      28
      28
      28
63139868
115578908
84070428
105093148
      28
73615388
105123868
105082908
73625628
84152348
84152348
73605148
105134108
115609628
73615388
115609628
73646108
84152348
136560668
73635868
84131868
63139868
73687068
84172828
73605148
126146588
52674588
105195548
52664348
84162588
52684828
42188828
42188828
63160348
84172828
42168348
52695068
52705308
94658588
52684828
63201308
52664348
105195548
42178588
63211548
63129628
94679068
42178588
52715548
42240028
84121628
52684828
63180828
84234268
94679068
52684828
63221788
31723548
94658588
52705308
42199068
84203548
73687068
84224028
42219548
31764508
31662108
52715548
84213788
63211548
84213788
52705308
63232028
52705308
52725788
42199068
31703068
42219548
52715548
105185308
42229788
42188828
42209308
63180828
63201308
52725788
63201308
63191068
31733788
73748508
63170588
73728028
31703068
52766748
52725788
42199068
63242268
31784988
52725788
52746268
42240028
31713308
42219548
31744028
73728028
42260508
52695068
63211548
52695068
84224028
42219548
52736028
31723548
42240028
52756508
63242268
52736028
31723548
42280988
42240028
63232028
262338589
199362589
94607389
136550429
94586909
178257949
126095389
84121629
63119389
105093149
73605149
94617629
105093149
157562909
73635869
94617629
126095389
42127389
94607389
84162589
230850589
52623389
84142109
84131869
84193309
52674589
73666589
52664349
115609629
126115869
73666589
63170589
52674589
52684829
52674589
84193309
73728029
63160349
105164829
73687069
115630109
42188829
84193309
42147869
73676829
73676829
42178589
52684829
126115869
73697309
52654109
105175069
52674589
73666589
52674589
52664349
42219549
42178589
52705309
52736029
42229789
31672349
63211549
94699549
105256989
63191069
31723549
52705309
42229789
84183069
52664349
73666589
63272989
42219549
31682589
73728029
42219549
42188829
42199069
52746269
42229789
52695069
42209309
42229789
42219549
52736029
84172829
94709789
31744029
52674589
42219549
147210269
42260509
31703069
73687069
52725789
52725789
73758749
42229789
94720029
73728029
42240029
31692829
52715549
73707549
42168349
31723549
52725789
52684829
52715549
42219549
52736029
52807709
52725789
42219549
31754269
31744029
42229789
42260509
63221789
52695069
52736029
42240029
42240029
52725789
73768989
42229789
52766749
157480990
126013470
84090910
105082910
136581150
105062430
73594910
94617630
94627870
157491230
84101150
84111390
147128350
73646110
115599390
84162590
63119390
84131870
63129630
52643870
105185310
220375070
84142110
63150110
52705310
73625630
84121630
52725790
63191070
52684830
63150110
105164830
52664350
63139870
84193310
42168350
63201310
126115870
105205790
52654110
84172830
42168350
84193310
115691550
73717790
42229790
63221790
73748510
42219550
42168350
63180830
52705310
52715550
42219550
42188830
52674590
52695070
73687070
63201310
31692830
31703070
52725790
63191070
63211550
52674590
52725790
42209310
42229790
136714270
63232030
63160350
42219550
73666590
42219550
73676830
73728030
73738270
63180830
31682590
42260510
42219550
31723550
84193310
52756510
31692830
52736030
31754270
42229790
52684830
63221790
42158110
31672350
52705310
52705310
42199070
63262750
42209310
52674590
42199070
42178590
42219550
42219550
31662110
63232030
42240030
63221790
52725790
31713310
63201310
52736030
42229790
31703070
52705310
52756510
42199070
52776990
52715550
52736030
73717790
73748510
42188830
42250270
42219550
42229790
73758750
31744030
73717790
42270750
      31
      31
73635871
      31
      31
125829151
63119391
94699551
188743711
147077151
94617631
73646111
63139871
94617631
42137631
105103391
94658591
      31
94658591
73676831
105144351
94648351
84121631
73646111
105175071
84131871
73625631
84090911
94597151
52674591
63160351
115619871
63170591
52674591
42147871
84224031
63211551
63170591
84183071
94720031
63170591
52664351
42178591
63180831
52715551
84275231
126167071
52705311
42199071
52715551
63232031
94679071
42209311
42229791
42219551
63211551
31713311
42209311
42199071
52705311
42260511
52725791
42219551
52684831
52736031
52715551
94679071
52736031
63262751
42199071
52736031
63242271
63242271
52705311
52725791
73697311
52725791
126228511
42209311
42219551
63242271
31703071
52684831
42260511
42240031
52725791
31713311
63221791
73758751
42188831
42168351
52725791
42199071
94781471
73676831
42209311
73728031
63221791
42250271
63211551
73707551
42219551
63201311
42260511
63201311
42219551
42209311
84234271
63252511
42250271
52736031
52715551
63201311
42219551
31723551
31764511
42209311
42219551
52715551
52797471
52664351
105185311
52756511
63252511
31713311
42199071
52695071
52725791
