94689280
84213760
73707520
63242240
84183040
73728000
63232000
73697280
63242240
52695040
52715520
73697280
42240000
52736000
42229760
63221760
42209280
42209280
63232000
73728000
42260480
52715520
84183040
42199040
94709760
63272960
52705280
42229760
42229760
52766720
73748480
42240000
52725760
189204480
84213760
52746240
63211520
42270720
84254720
42240000
42240000
31754240
52736000
73768960
52746240
63262720
84244480
52756480
63252480
52766720
42301440
31754240
73748480
63232000
52756480
63242240
42260480
42260480
42270720
42280960
42240000
52766720
52715520
42250240
52787200
42260480
63242240
63242240
94760960
52756480
73748480
73820160
31733760
31764480
42301440
31774720
42280960
42250240
42311680
42260480
42291200
42291200
42301440
31754240
63262720
52766720
31805440
42301440
31764480
42280960
42250240
42270720
73820160
63344640
31805440
42291200
42270720
52787200
31784960
42270720
63252480
63293440
42280960
42260480
52787200
63303680
31795200
42301440
31795200
52776960
52807680
52756480
42260480
42301440
31805440
73799680
52756480
73820160
42250240
63283200
63262720
52787200
31754240
31764480
52817920
42280960
42280960
42342400
52725761
52725761
63180801
42188801
105185281
42240001
84224001
52736001
52695041
63201281
52725761
52725761
42209281
63221761
42219521
42240001
63211521
73717761
52725761
52725761
52705281
63221761
52766721
42229761
42229761
52715521
94730241
105154561
42219521
31733761
52756481
42291201
42240001
42229761
31723521
42229761
52736001
42229761
52797441
73738241
42250241
42240001
52746241
52756481
52756481
52746241
115742721
52756481
42260481
63252481
63232001
52787201
94801921
42219521
42301441
63262721
84295681
73799681
73789441
52756481
63262721
31754241
31795201
31784961
31754241
52817921
42219521
73789441
42260481
115732481
42240001
42270721
31733761
42240001
52787201
52817921
42332161
31795201
31754241
52725761
52766721
52776961
42301441
52817921
52787201
42260481
42260481
31795201
52817921
63313921
42260481
42321921
63262721
73748481
52776961
31805441
31795201
42301441
42311681
42321921
42270721
73830401
31784961
42270721
52776961
42291201
42270721
73809921
42280961
31795201
42280961
52725761
52746241
42260481
52817921
52787201
52807681
31784961
31774721
31744001
63262721
42291201
42250241
31774721
31825921
42250241
63324161
42332161
52705282
52736002
52705282
94740482
63283202
63262722
84172802
52715522
63221762
42240002
63262722
52674562
52695042
42250242
73676802
52705282
52736002
84213762
63201282
52736002
63201282
52715522
42260482
52725762
31733762
63221762
42209282
52736002
63221762
42270722
73728002
52725762
42209282
52705282
63232002
42209282
42260482
31723522
31744002
42199042
52715522
52725762
73748482
42229762
31744002
31744002
105246722
42260482
63262722
73728002
42260482
52766722
84244482
52807682
73728002
42229762
42301442
42291202
52807682
31764482
52797442
73748482
42280962
52746242
31764482
52766722
42250242
42280962
52705282
42250242
52766722
52797442
52787202
42260482
31754242
42311682
42260482
42270722
42260482
63262722
63191042
52776962
42270722
31774722
52787202
42250242
31774722
52807682
42250242
73768962
52776962
31744002
31815682
31795202
42311682
52797442
42321922
42240002
42291202
42291202
42332162
52776962
42280962
42291202
42291202
42301442
42250242
52807682
52807682
42291202
42270722
84305922
31774722
52787202
42291202
42280962
52787202
31764482
52756482
31815682
42270722
63272962
31754242
42270722
52787202
42280962
42291202
52828162
94699523
63211523
52705283
52715523
105246723
168110083
94730243
52746243
63232003
52705283
52715523
94709763
94720003
52787203
63242243
42240003
84244483
42229763
42229763
42219523
42229763
52705283
52736003
105164803
73738243
52746243
31713283
63201283
42219523
52715523
42209283
52736003
52725763
63211523
52725763
147200003
42240003
52725763
52766723
73768963
52756483
42229763
52725763
42250243
42199043
84264963
52776963
31723523
42240003
52787203
42240003
42229763
63293443
42260483
31744003
42270723
73820163
52797443
52756483
31754243
42311683
52746243
31764483
42270723
73779203
31754243
31744003
52756483
31733763
63252483
73768963
42240003
94791683
42280963
42301443
63303683
52776963
31774723
52787203
42250243
42291203
84254723
52797443
52807683
42240003
42301443
31774723
42280963
42270723
31723523
42270723
42270723
52787203
73768963
31784963
42301443
42291203
31754243
31795203
42270723
42280963
42270723
42301443
42280963
52776963
31754243
42311683
42219523
52838403
52807683
42342403
52817923
52807683
42301443
52787203
52807683
42270723
42260483
31795203
42270723
52817923
63303683
52797443
31774723
31774723
31784963
63313923
42301443
52725764
63232004
52736004
73687044
52695044
52695044
63242244
52776964
52684804
52736004
63191044
63221764
84193284
52776964
52736004
52725764
52725764
63221764
52736004
42199044
52715524
52725764
52695044
42199044
63221764
63201284
52705284
42219524
52746244
73728004
42219524
31733764
52725764
73789444
31744004
42240004
42250244
42240004
73768964
42280964
42240004
42209284
52746244
42260484
63221764
42250244
42250244
42250244
31744004
52746244
42229764
63232004
42209284
63272964
31764484
42280964
84316164
31764484
42291204
63242244
31764484
63303684
42280964
31713284
52797444
52736004
42260484
31764484
42250244
52766724
42280964
73789444
42250244
42280964
31764484
42270724
52766724
42301444
73768964
42270724
31795204
63242244
31795204
42280964
52736004
84357124
42260484
52776964
63262724
31784964
31754244
42311684
73768964
42332164
42270724
42260484
52746244
42250244
52776964
31764484
52807684
52787204
73809924
73830404
63283204
42291204
31784964
31774724
31774724
42280964
42280964
31795204
31744004
42260484
42270724
52807684
42250244
52787204
52766724
31744004
42270724
42291204
52756484
42301444
73820164
31795204
42311684
52828164
52725765
63262725
84203525
42209285
94668805
52746245
115701765
42240005
73656325
52705285
52695045
42229765
105246725
42219525
42270725
42229765
42219525
42219525
52715525
42209285
52725765
52756485
52736005
63221765
42260485
42219525
31744005
42260485
52736005
73738245
52746245
73748485
63242245
84244485
42219525
42250245
31733765
84244485
42280965
42250245
52776965
42240005
63262725
42229765
84213765
42209285
42229765
42209285
42219525
52715525
31754245
42219525
42250245
52736005
42240005
63232005
42270725
73758725
31764485
52756485
42229765
42280965
42270725
42240005
42219525
42229765
31764485
42260485
52746245
42240005
31733765
63232005
52715525
73779205
42280965
31744005
52746245
42229765
105236485
42280965
52766725
31784965
42311685
52756485
63262725
31815685
31784965
42250245
52776965
31754245
31733765
42250245
42321925
42332165
42250245
73758725
52756485
31774725
42270725
42260485
31733765
63272965
42250245
42270725
52756485
42311685
42291205
31795205
42260485
42240005
63293445
42311685
31784965
31784965
42291205
52817925
31805445
63252485
42291205
42280965
31795205
31805445
52797445
42311685
52766725
42240005
52766725
63283205
63211526
52654086
52695046
42209286
63221766
52705286
73676806
73717766
115691526
84172806
63201286
126197766
52674566
63211526
52725766
84224006
42219526
31723526
63221766
52684806
42219526
94689286
52736006
42240006
42229766
52725766
42219526
52715526
52715526
63262726
52725766
52715526
42199046
63221766
52725766
94760966
73748486
42219526
105256966
42219526
73768966
42199046
31774726
63272966
42199046
31733766
63252486
52725766
42240006
73809926
52746246
63242246
52787206
42219526
42260486
63272966
42240006
52715526
42280966
52766726
31733766
63242246
52776966
31744006
52736006
42260486
42280966
42240006
31723526
63242246
42291206
52756486
42250246
42250246
42229766
42260486
31774726
42270726
42260486
73758726
42270726
73758726
31764486
52715526
42240006
52807686
94771206
42280966
31733766
31774726
42240006
42250246
63272966
42321926
52787206
31784966
52756486
42240006
42270726
52797446
31733766
31764486
31774726
42270726
42291206
84264966
42270726
31774726
63293446
31795206
42280966
42311686
42260486
31825926
31815686
63375366
52787206
42280966
31784966
31795206
52766726
42321926
42270726
42301446
42270726
42321926
52787206
63293446
52705287
73717767
42199047
73717767
52705287
136683527
73738247
63160327
42199047
52695047
42199047
147240967
42240007
42240007
52705287
63232007
42188807
52736007
63180807
42199047
42188807
31744007
42209287
52695047
52736007
42209287
42270727
63232007
84275207
63232007
94709767
94750727
42270727
52756487
42260487
42219527
52695047
52736007
52736007
52766727
42250247
42270727
42260487
31774727
73738247
42229767
42260487
42240007
42260487
63283207
31754247
52766727
52766727
31744007
63221767
52766727
31744007
42270727
31713287
52756487
31764487
42199047
73779207
42250247
52746247
31805447
115773447
52746247
42270727
52766727
52766727
42240007
63272967
52756487
42260487
42280967
31733767
42270727
42280967
31764487
52746247
42280967
42270727
31764487
42250247
42270727
52736007
42280967
31784967
31754247
42219527
42250247
52848647
52725767
84285447
42260487
42280967
52797447
31774727
42280967
42291207
31754247
42229767
31764487
63262727
31754247
42260487
31744007
31774727
42260487
31795207
31795207
42301447
42260487
31764487
42240007
42291207
52787207
52776967
73830407
52807687
42260487
52848647
42280967
31774727
42342407
52787207
52838407
126136328
73656328
52725768
136693768
115681288
73676808
52756488
42199048
73717768
52725768
63221768
73748488
94709768
52736008
73707528
52776968
115619848
52705288
84193288
84193288
52684808
52695048
147138568
42250248
63221768
73728008
42209288
73728008
63201288
52776968
63262728
73707528
52736008
63191048
52695048
73697288
73768968
42250248
63201288
63201288
84254728
115701768
42250248
63242248
42229768
42291208
73738248
31744008
73768968
73748488
42219528
42260488
31744008
73748488
42250248
63272968
42209288
63252488
73748488
42260488
63293448
42199048
31713288
31744008
63242248
42260488
73779208
31805448
42270728
42240008
42250248
31723528
52797448
31764488
31764488
63242248
63242248
63252488
52776968
42342408
42240008
31754248
73779208
52746248
31774728
42250248
63303688
42270728
42240008
42219528
42260488
31784968
31744008
31764488
63303688
42250248
52776968
31754248
63313928
42291208
52776968
52766728
42311688
31754248
42301448
42270728
42260488
42270728
52807688
42270728
42311688
42301448
52797448
52807688
31836168
63354888
42311688
42270728
42332168
31805448
52848648
42280968
31774728
63313928
31784968
42291208
31825928
42311688
42188809
63170569
105216009
73676809
52684809
52674569
94730249
84203529
73697289
42188809
31713289
52715529
73717769
63191049
42188809
73738249
42209289
52715529
42219529
73717769
42260489
63211529
115691529
52736009
84172809
73687049
63211529
42229769
31703049
94730249
73687049
63232009
52674569
84203529
63252489
63232009
52736009
42219529
63262729
52715529
31744009
73738249
31713289
52746249
52736009
63232009
52715529
52756489
42229769
42240009
42291209
42240009
42219529
63272969
42291209
42260489
42219529
42250249
31723529
73738249
42270729
42219529
31795209
42291209
63211529
52746249
42260489
31733769
52776969
52746249
94771209
42240009
63272969
31795209
52736009
63242249
42250249
42240009
42270729
42250249
42250249
42270729
52787209
42291209
42229769
42240009
31784969
31754249
52787209
52787209
42270729
42240009
63252489
63262729
42270729
105267209
31774729
42260489
42260489
42280969
52848649
42280969
52787209
31815689
52889609
42301449
42240009
52766729
31815689
31764489
31754249
31784969
52787209
31784969
73840649
42250249
31784969
52838409
31784969
52817929
42301449
52817929
31825929
42311689
31774729
42301449
52817929
31784969
94730250
63191050
115712010
63180810
73687050
63139850
63221770
94730250
63180810
73707530
94668810
52705290
84162570
42209290
94760970
63221770
52776970
73717770
115691530
52736010
52736010
63211530
42209290
42229770
63201290
52684810
94760970
73717770
42229770
84203530
52736010
73676810
52725770
73748490
42240010
52725770
52725770
52736010
42280970
42240010
42250250
31703050
52736010
42219530
63272970
73728010
52746250
31713290
42260490
94730250
52725770
42250250
42229770
63252490
42250250
52725770
52715530
73738250
52756490
42240010
63283210
52776970
42240010
31723530
147261450
147271690
42270730
42260490
42240010
31744010
42280970
42260490
42240010
42280970
42240010
31713290
42270730
31754250
63262730
42280970
52746250
42260490
31784970
63334410
42260490
84275210
42260490
31825930
52787210
63272970
52807690
42280970
31754250
42291210
42270730
52797450
52776970
84305930
52838410
42291210
42240010
31815690
52807690
31754250
63293450
42291210
42301450
31784970
31795210
63252490
42270730
31815690
42301450
31774730
63313930
42301450
42301450
63313930
42260490
31805450
42250250
31795210
42301450
42342410
31795210
31805450
42270730
31815690
73666571
84121611
136652811
73687051
63232011
63170571
73676811
42229771
52715531
115712011
52705291
52695051
52705291
63232011
105164811
63191051
42229771
84183051
63242251
52705291
52746251
52695051
63242251
42250251
52725771
42219531
84224011
52736011
63242251
42219531
52705291
73717771
84224011
94720011
52736011
42260491
42219531
84193291
52746251
84213771
52725771
63262731
42260491
73717771
63211531
31774731
63272971
31723531
52746251
42209291
84275211
31723531
31733771
52736011
31723531
42219531
84224011
52746251
42250251
52756491
42280971
42301451
73768971
42229771
52756491
31754251
31754251
42250251
31764491
42260491
42250251
31744011
21227531
52756491
42240011
52776971
42199051
42240011
42270731
42260491
42229771
63252491
42280971
42280971
21278731
52756491
42301451
42260491
31733771
42280971
52797451
42291211
52766731
31754251
31774731
42291211
31805451
42219531
42260491
52766731
42291211
31795211
42270731
31774731
52787211
42280971
31805451
42240011
31744011
42280971
42270731
42291211
63293451
42291211
42321931
42280971
42270731
52817931
31795211
52817931
52787211
42321931
31774731
31784971
42291211
52725771
42291211
42260491
63201292
52684812
105185292
63180812
73676812
52664332
42199052
52705292
147240972
73687052
52684812
84183052
52695052
94699532
84193292
52715532
63242252
63221772
52705292
42240012
84183052
115691532
42209292
94709772
63180812
42229772
42219532
52705292
63221772
73687052
52705292
63242252
147220492
63252492
31744012
63252492
63262732
52797452
94730252
94730252
115701772
94740492
42229772
31733772
42209292
42209292
63252492
73738252
52746252
73707532
42209292
31744012
94699532
63242252
31744012
42209292
63272972
31744012
52736012
42280972
31733772
31754252
42229772
52776972
73758732
42240012
42240012
52766732
63232012
42250252
42260492
42229772
52766732
42219532
63272972
31744012
31713292
52766732
42270732
42240012
52776972
31713292
52725772
42240012
52766732
73738252
84234252
63313932
42280972
73758732
31754252
52746252
42270732
42260492
42291212
42280972
42270732
42291212
63354892
42240012
73728012
31764492
31744012
42280972
31795212
42311692
42270732
31744012
42321932
42240012
42280972
42291212
42270732
42240012
31764492
42219532
31744012
31795212
42311692
52766732
31795212
42270732
42280972
42301452
31764492
52817932
31733772
31774732
84203533
63242253
52684813
73656333
115681293
73717773
63221773
73656333
52684813
63170573
52746253
52695053
63272973
42219533
63242253
73717773
105164813
52674573
63221773
52736013
63252493
63232013
52705293
73717773
42199053
73666573
94699533
84193293
52725773
31744013
63211533
63242253
52705293
63191053
63170573
42209293
52715533
42219533
73697293
42219533
42229773
73717773
63232013
31703053
52746253
63252493
52756493
52746253
42240013
42250253
52746253
42240013
42250253
42240013
31703053
52725773
63283213
52746253
42240013
42209293
73779213
42240013
42188813
42229773
52817933
42229773
63272973
42270733
73768973
31764493
73748493
42229773
63293453
42229773
42229773
52776973
42209293
52725773
42311693
31774733
42291213
42280973
31733773
63283213
63211533
31733773
94781453
42332173
31774733
42240013
42240013
42270733
42291213
42240013
31795213
42270733
63272973
31774733
42291213
63232013
94750733
31774733
52787213
31784973
31795213
42250253
73789453
42280973
63324173
31795213
52766733
42291213
63334413
31744013
63262733
31836173
31754253
42291213
42332173
31784973
31774733
31774733
52776973
42321933
31784973
52776973
42301453
42291213
52715534
115691534
52674574
52684814
115660814
63191054
52715534
63221774
84193294
94648334
63191054
84152334
84254734
63160334
73697294
63211534
52705294
52705294
52705294
52695054
73717774
42229774
63201294
42240014
115681294
84224014
73697294
84203534
94668814
52705294
63201294
105205774
63221774
73687054
63211534
42260494
42250254
73748494
42199054
94730254
63211534
52725774
52715534
63232014
52725774
52746254
63262734
52736014
84213774
42240014
31754254
84224014
42219534
52756494
73728014
42250254
63232014
52766734
52684814
42260494
31784974
52725774
31713294
63221774
42260494
52766734
42240014
42240014
73758734
42240014
63252494
63252494
52787214
73717774
63242254
52766734
63303694
42229774
31764494
52776974
52766734
42240014
42240014
31744014
63242254
31754254
42260494
52776974
31754254
63272974
52766734
42270734
31795214
52766734
42270734
31795214
73779214
42280974
42270734
42250254
52746254
42280974
42291214
42260494
63262734
42291214
42250254
42270734
31733774
42260494
42250254
52746254
42270734
42301454
42270734
52797454
31723534
42270734
42260494
42260494
42250254
31764494
31784974
42291214
52776974
52828174
42280974
84367374
73676815
73676815
63180815
52654095
63170575
94709775
84193295
84183055
84183055
63262735
126156815
63191055
52664335
126115855
73728015
63201295
115671055
84162575
42240015
42229775
52695055
147148815
52736015
52736015
52725775
157696015
52664335
73687055
63242255
73748495
52725775
52746255
115701775
63232015
42240015
52746255
94699535
63211535
52746255
42229775
84234255
84213775
52736015
84244495
31774735
31744015
42229775
63211535
31713295
52715535
52725775
73738255
52736015
84224015
105246735
63242255
84193295
52756495
52787215
63221775
42240015
42219535
42270735
42250255
42229775
31744015
52766735
63242255
42291215
63242255
42280975
42250255
42270735
52787215
42291215
105226255
42240015
42229775
52725775
73748495
42250255
42209295
52756495
21217295
63242255
42219535
42280975
42260495
52787215
42250255
31784975
42270735
42301455
42240015
42311695
52797455
42301455
52766735
52756495
52746255
52766735
52787215
42280975
84326415
52776975
52756495
42260495
52807695
31754255
31795215
52787215
52797455
52797455
31805455
52766735
42270735
42301455
31795215
42260495
42280975
42311695
42301455
42250255
31836175
42260495
42240015
42240015
42250255
94648336
52695056
84203536
73717776
63201296
84172816
63180816
52684816
52715536
52705296
63180816
52715536
63180816
73728016
73717776
84203536
94699536
73697296
63191056
94720016
63150096
52736016
84172816
63252496
52736016
63252496
63201296
42219536
52705296
42219536
42199056
63211536
84254736
31703056
52725776
52725776
73687056
115701776
42209296
63191056
63221776
52684816
52705296
63252496
52695056
42219536
52725776
84234256
63221776
105236496
63211536
42280976
63211536
42229776
84275216
52756496
42229776
52715536
63242256
84224016
42260496
52736016
31733776
52695056
31784976
31733776
52766736
42280976
42291216
31713296
31784976
42260496
42270736
52746256
63283216
42240016
42250256
31723536
73717776
63262736
42321936
31733776
42291216
31774736
31764496
63211536
42250256
31713296
42280976
52756496
31795216
31774736
73758736
31754256
31795216
31744016
42311696
31764496
31795216
42260496
73779216
42240016
31754256
42240016
52797456
42280976
31805456
42301456
63252496
42270736
42280976
42291216
42280976
42301456
52807696
42311696
52787216
73809936
31836176
42301456
42280976
42280976
73809936
42280976
52787216
31764496
42260496
52787216
105144337
63170577
126167057
73666577
84193297
63139857
84203537
52725777
94668817
63201297
42240017
42188817
84224017
63211537
63180817
63180817
105195537
63211537
105216017
42209297
63211537
126177297
73687057
63232017
63211537
52736017
63221777
63221777
94689297
63232017
52695057
52715537
42240017
63221777
52695057
105185297
52664337
52705297
42260497
73717777
84224017
52664337
52725777
31703057
42209297
42188817
84254737
42250257
63272977
52746257
84254737
42219537
42219537
52725777
84234257
52695057
84234257
63242257
52736017
42229777
63242257
52756497
42260497
63252497
52756497
42240017
42229777
52746257
42229777
42219537
31723537
52756497
63283217
52776977
52746257
42240017
52756497
42250257
63313937
42240017
52725777
42219537
42229777
42240017
42219537
73728017
94720017
42240017
42240017
31723537
52787217
31805457
21268497
31754257
31784977
31754257
31764497
42280977
42291217
31805457
31795217
31795217
42250257
52797457
63221777
42280977
42280977
31795217
52787217
73809937
42301457
31795217
31795217
31764497
63283217
31815697
52776977
52725777
42250257
31744017
73768977
42280977
31846417
42240017
42240017
31774737
42311697
31815697
73676818
126126098
84152338
63150098
73707538
73666578
73676818
63180818
84213778
84131858
73687058
63211538
52684818
115681298
73676818
94689298
126177298
73676818
42229778
52684818
52725778
52695058
73697298
52756498
84224018
73666578
84193298
63232018
52787218
42219538
42178578
84203538
52705298
63211538
42199058
42250258
52736018
52705298
73738258
52695058
42240018
52725778
84244498
52705298
52746258
42219538
105246738
63221778
42219538
63221778
73738258
42219538
84203538
126187538
42270738
52736018
42260498
63272978
52736018
52695058
42209298
52736018
63232018
42250258
42260498
42240018
31774738
52766738
63272978
42240018
115793938
63262738
42250258
42280978
42260498
31744018
52736018
63262738
73758738
42250258
42250258
31754258
52776978
42270738
31764498
63252498
42260498
73779218
31764498
73728018
52776978
73748498
63293458
42209298
84295698
42291218
42240018
63283218
31774738
42240018
42270738
73789458
52807698
42270738
42240018
42280978
31805458
73768978
42229778
42229778
31805458
42250258
42291218
42260498
31754258
31784978
63303698
52725778
52766738
31784978
42280978
42270738
42291218
31764498
31764498
31866898
73820178
52817938
73666579
105123859
84162579
84193299
94658579
115619859
73717779
52664339
84172819
63191059
63180819
105113619
84172819
73707539
63180819
84203539
42188819
84162579
52674579
63170579
115681299
63221779
63191059
63170579
52736019
63180819
115701779
73728019
63191059
42240019
63232019
63232019
94709779
73748499
84203539
52725779
42240019
42240019
52695059
31723539
42199059
84213779
42229779
63272979
73738259
42260499
63221779
63221779
52756499
31733779
63211539
52715539
42250259
52725779
42240019
42240019
52715539
31723539
63242259
52715539
52746259
73758739
52736019
42229779
42240019
42209299
42219539
73748499
42260499
42229779
42260499
31795219
52736019
52787219
31754259
52776979
52787219
42209299
52756499
31795219
52766739
63232019
63232019
52797459
42291219
31815699
52766739
42280979
42250259
115752979
42321939
42280979
42291219
42240019
42240019
42270739
31764499
52787219
42250259
42321939
63283219
31754259
52766739
52807699
42250259
42270739
52807699
42260499
31784979
42270739
52736019
31795219
42280979
42229779
31774739
31744019
31836179
31805459
31744019
42311699
42291219
31754259
52787219
63283219
31836179
31764499
42280979
52766739
63180820
105154580
52705300
115701780
73676820
115660820
73666580
157644820
84224020
84172820
136632340
84203540
52684820
73707540
73728020
52746260
52695060
73676820
73656340
42219540
63201300
52674580
157624340
84183060
52725780
84193300
42199060
42199060
105205780
73707540
94668820
73676820
63242260
63211540
31713300
105216020
94699540
73748500
94720020
63232020
31733780
63252500
31723540
73717780
63211540
42209300
63191060
63211540
84213780
73717780
52705300
73717780
52715540
31754260
52715540
52715540
31836180
42240020
84254740
52725780
42250260
73728020
73748500
63221780
42240020
42219540
42229780
42270740
94740500
52766740
42250260
52746260
105205780
31805460
52736020
73789460
84254740
52787220
42250260
42260500
31733780
52776980
63242260
52715540
31754260
42240020
42260500
31744020
42301460
42250260
31754260
42219540
73758740
52725780
31754260
63303700
52766740
42280980
52756500
52756500
52776980
52766740
42301460
21278740
42260500
42260500
63262740
31805460
63303700
31784980
52787220
52746260
52828180
31805460
31784980
31784980
31836180
42229780
94771220
42280980
42301460
31764500
42280980
31805460
42260500
31795220
42291220
31795220
84121621
84152341
126187541
73687061
63170581
157624341
94648341
52746261
63180821
73656341
52674581
73676821
52705301
52674581
126177301
73768981
115660821
63211541
63180821
42199061
136611861
63191061
52684821
52725781
52725781
63211541
52695061
63221781
73687061
147169301
94709781
63211541
126177301
52674581
136673301
42178581
52705301
115681301
105195541
42188821
52725781
63221781
42209301
84264981
63252501
52736021
52756501
42209301
52736021
52756501
52705301
126187541
52725781
42229781
52705301
42219541
105236501
52736021
42240021
63252501
42229781
63211541
105195541
52746261
52715541
42291221
42240021
52746261
31733781
52756501
42240021
84224021
52766741
31733781
63211541
42250261
84213781
63262741
84254741
42250261
42240021
42270741
42250261
42280981
42229781
63221781
31795221
42229781
52787221
42199061
42240021
42229781
42229781
73779221
31733781
42250261
63365141
73758741
31744021
52848661
42270741
42301461
52756501
42280981
42250261
42291221
42260501
73789461
84326421
52807701
42270741
42311701
42250261
31784981
31795221
42311701
42301461
31744021
63272981
31754261
31784981
52787221
31805461
42280981
52817941
31774741
52797461
31754261
63201302
63191062
105144342
115630102
84203542
63191062
84152342
73697302
94720022
52684822
84183062
94658582
73666582
52654102
94709782
84183062
52725782
94750742
52695062
52705302
73707542
84183062
147159062
84193302
42219542
84224022
42199062
63180822
105195542
136663062
84172822
52695062
42240022
63232022
63211542
31692822
63272982
42229782
42188822
115671062
42229782
52746262
84183062
52705302
63232022
63262742
52705302
42229782
63242262
42229782
73728022
42260502
63242262
105175062
52756502
63211542
52756502
31713302
42291222
42240022
73779222
52736022
73697302
42229782
63262742
42260502
42229782
52766742
52705302
31733782
52766742
42240022
52746262
42332182
31713302
63242262
94730262
42260502
52746262
42270742
63252502
63232022
84234262
31754262
52766742
42260502
52736022
31733782
42270742
52776982
31764502
42270742
52787222
52725782
42321942
73738262
52746262
63262742
52746262
52787222
42260502
42280982
31754262
63334422
42240022
31795222
42280982
31774742
42280982
52776982
42260502
42301462
31836182
42291222
42260502
52817942
52787222
42311702
31774742
52797462
42311702
63303702
42270742
52817942
52756502
94832662
31784982
42280982
63180823
84152343
94638103
84152343
178616343
73687063
52674583
105216023
63170583
126167063
84162583
52684823
52705303
63211543
94658583
73687063
84203543
115650583
63211543
84193303
52705303
63221783
63201303
84213783
84254743
94760983
94699543
63170583
52766743
73779223
52715543
73717783
52746263
63201303
63232023
63201303
63232023
52766743
84193303
105175063
84213783
52715543
63242263
42209303
52736023
42219543
94709783
52715543
63170583
31744023
42260503
52756503
52725783
63242263
73738263
31723543
63232023
63211543
31713303
42240023
42270743
42260503
94730263
52715543
84234263
126167063
136714263
52756503
52756503
42270743
52787223
52766743
42270743
42291223
42270743
31764503
42260503
63252503
31733783
73758743
63283223
126228503
63283223
42260503
31795223
63303703
42260503
42291223
52766743
42291223
52756503
31774743
63242263
42219543
52756503
52736023
52807703
42291223
42291223
52766743
31774743
42301463
42321943
42270743
52746263
63283223
52807703
31774743
63242263
42260503
42240023
42270743
42291223
42260503
31784983
42291223
73779223
31805463
31784983
31744023
42291223
31805463
73738263
31795223
42291223
52797463
52807703
42240023
94689304
94658584
73666584
84152344
94699544
84172824
199577624
84152344
115650584
84172824
63191064
73697304
73687064
52674584
115712024
52715544
105164824
84193304
63180824
63211544
94658584
73707544
52674584
52695064
52684824
105185304
84203544
52715544
94730264
84244504
42188824
42209304
84224024
73707544
73738264
52705304
52715544
84213784
63262744
42229784
126146584
84213784
42240024
42229784
63221784
52705304
42250264
73738264
115671064
63242264
42250264
63201304
42250264
84264984
84234264
52725784
52705304
42229784
52756504
73738264
94740504
42270744
73748504
42209304
52756504
31723544
94771224
63232024
73717784
42250264
63262744
63221784
52756504
63232024
31754264
52787224
63252504
42250264
136734744
42219544
52766744
42270744
52817944
73779224
42321944
52766744
42250264
42280984
31805464
42250264
42280984
52776984
52817944
63211544
42321944
52787224
42270744
52776984
31754264
42270744
52817944
31805464
42260504
52746264
73728024
42240024
105267224
42260504
52787224
31836184
52766744
52807704
52787224
63324184
31795224
42250264
52807704
42260504
42240024
52797464
42280984
31764504
42240024
31784984
52848664
42270744
105328664
31815704
84172825
84183065
84162585
63191065
115660825
84172825
105175065
94638105
115660825
63191065
94689305
94679065
73676825
52715545
84142105
63191065
42199065
52695065
73656345
63221785
42219545
84254745
115650585
73707545
73707545
52746265
42209305
84193305
63293465
63180825
42178585
73697305
126208025
84234265
52725785
42209305
73728025
42209305
31744025
63221785
52746265
94740505
42229785
52746265
63242265
52756505
42229785
94720025
63303705
63242265
73697305
63221785
42229785
73728025
63232025
52715545
52746265
31703065
63252505
42229785
52725785
31713305
52715545
73707545
42240025
42240025
42229785
31744025
42270745
94720025
42240025
31754265
42270745
42280985
84213785
52797465
63242265
42240025
52766745
42229785
63221785
52797465
42270745
42250265
42250265
84254745
52787225
42270745
42291225
52736025
42240025
52766745
52746265
42229785
31825945
42260505
42291225
42240025
31784985
42219545
63283225
52756505
63334425
63262745
31754265
52797465
52787225
31805465
63293465
42260505
84346905
42291225
31795225
52715545
31754265
52797465
63252505
63303705
31744025
31754265
42270745
63293465
31784985
42280985
42260505
42280985
42250265
42332185
94658586
73687066
94689306
73656346
63180826
115650586
73697306
84203546
84172826
73666586
63201306
105144346
84213786
115691546
73697306
73656346
73697306
73707546
115701786
73717786
73717786
84172826
73687066
63242266
52684826
63221786
73676826
63201306
73697306
94699546
42209306
73707546
52705306
94668826
63180826
73707546
73707546
84193306
73697306
42219546
73687066
63252506
84234266
84224026
126197786
52736026
52715546
42250266
63272986
63242266
84275226
42229786
42229786
42199066
42240026
42219546
42250266
63252506
52746266
63221786
63221786
52725786
84203546
31733786
42229786
31744026
73738266
52766746
42250266
63262746
52756506
42270746
63262746
42219546
52746266
52746266
63242266
52746266
42270746
63221786
52817946
42270746
42240026
84254746
94709786
52746266
31744026
73717786
42260506
31713306
31774746
63262746
136683546
42250266
42250266
63252506
42240026
73809946
31733786
42280986
63283226
84254746
42250266
42291226
42260506
31723546
52797466
42250266
52776986
42270746
52766746
52776986
73789466
42229786
84264986
31774746
52787226
31774746
84285466
42250266
42280986
42321946
31774746
52807706
63303706
42260506
52776986
42240026
94648347
105185307
115650587
105185307
84172827
73697307
84213787
84172827
73687067
136704027
52715547
73728027
84193307
63211547
63160347
42209307
73666587
126156827
52695067
136652827
42219547
63180827
94689307
115671067
73697307
63211547
42229787
84183067
136652827
52684827
73687067
84234267
63180827
42209307
94689307
63211547
42209307
52695067
42188827
84172827
94750747
105205787
42209307
94730267
115681307
42229787
31774747
63211547
42240027
42229787
42229787
73707547
52736027
42240027
63232027
52725787
42250267
52715547
42209307
42250267
52756507
52797467
31754267
63232027
84224027
52736027
52766747
52766747
42301467
42260507
42260507
42270747
63262747
63262747
42270747
52725787
42240027
42270747
52756507
73748507
94771227
52725787
31723547
42240027
84224027
42229787
42250267
42240027
42250267
42250267
42199067
73758747
31795227
31733787
52756507
52776987
42270747
42291227
31733787
42240027
73758747
31774747
42250267
42250267
42311707
31774747
63262747
52797467
42240027
42270747
52776987
42260507
31774747
52756507
52756507
31836187
52766747
63252507
73799707
42332187
42280987
42260507
52746267
42260507
73809947
52746267
42280987
42291227
105175068
73625628
84203548
105134108
136663068
73625628
94658588
42209308
84193308
63170588
84183068
136652828
52705308
84213788
84172828
52705308
63232028
63242268
52695068
84213788
84203548
52695068
94679068
63211548
63232028
115671068
63191068
63211548
52705308
63262748
63242268
63170588
105216028
52725788
94740508
52715548
63252508
52736028
31764508
42240028
52715548
84213788
31733788
52746268
52746268
84213788
42240028
63242268
52715548
94740508
31733788
63262748
52684828
84224028
42219548
52756508
42280988
52705308
42240028
52725788
84264988
73738268
42240028
52776988
42250268
84203548
52746268
42240028
73748508
52756508
73768988
42250268
31795228
31703068
42260508
73758748
63242268
63283228
42250268
52776988
52746268
52756508
42240028
31744028
42260508
42260508
105226268
31784988
42219548
42250268
52736028
52746268
52756508
52756508
52736028
42250268
73779228
63201308
63272988
42229788
52797468
42270748
42229788
52787228
42301468
42280988
52776988
42270748
31754268
42250268
31784988
63272988
42291228
42240028
42280988
42240028
84254748
42260508
52766748
31764508
42280988
52787228
52787228
42280988
31764508
42321948
42270748
52776988
126177309
84162589
63201309
105175069
84162589
115660829
105185309
63211549
52695069
94668829
52684829
63221789
94668829
126167069
73697309
73707549
105175069
42188829
73687069
84213789
94648349
42178589
73697309
73697309
63272989
42240029
52746269
52715549
84203549
115681309
63221789
52736029
52725789
52725789
52725789
84234269
73768989
42229789
84224029
63242269
94699549
42240029
84234269
31703069
52736029
63232029
42219549
42240029
105185309
63252509
42209309
94720029
31754269
63221789
42229789
42219549
31774749
31744029
42260509
42291229
42280989
31703069
52766749
84244509
94791709
42260509
31774749
52746269
31795229
73728029
42209309
63221789
52817949
42260509
31713309
63272989
31784989
42229789
31764509
63272989
42270749
42240029
42250269
31784989
42260509
42280989
73717789
94730269
31784989
52715549
42260509
136744989
42291229
31754269
52746269
52766749
52756509
63293469
42270749
73768989
73758749
42280989
31744029
42260509
63242269
31713309
31764509
42270749
52725789
52746269
42250269
42280989
52838429
52776989
42250269
42270749
31784989
42270749
52776989
52776989
42240029
52766749
52766749
42280989
42270749
63303709
42260509
52797469
94668830
73666590
63180830
84172830
115691550
73666590
52684830
84193310
73717790
94668830
63191070
63201310
126218270
63201310
84193310
63242270
52684830
73707550
52695070
52695070
84254750
94658590
73697310
63191070
42270750
63191070
73687070
52776990
52756510
52736030
42229790
84234270
52725790
42209310
63262750
42219550
52766750
105185310
94750750
52705310
73717790
42219550
73738270
94750750
63272990
52756510
73738270
63283230
42260510
42209310
42250270
42250270
42270750
42270750
42229790
42219550
42250270
63242270
52746270
31733790
31733790
42270750
52746270
52766750
42219550
52766750
31764510
31784990
115763230
63272990
52715550
42260510
63221790
31784990
63221790
73758750
63283230
52725790
31723550
42291230
42250270
31764510
63242270
52787230
31733790
42280990
31795230
42270750
42250270
52766750
31713310
21227550
42250270
52746270
31754270
52817950
42250270
31744030
42229790
31733790
42260510
42260510
31703070
52787230
42280990
63242270
42270750
31764510
63242270
52766750
52756510
31733790
42250270
52787230
42240030
52807710
52736030
52766750
63262750
63283230
52715550
52776990
42260510
42260510
63293470
31784990
73738270
42301470
105195551
84172831
63211551
84152351
115640351
63150111
52684831
84264991
126136351
115691551
63211551
52725791
52705311
63211551
42188831
73687071
63252511
136642591
63252511
73707551
94709791
73717791
73687071
52715551
94730271
73687071
63191071
63170591
73676831
42229791
52725791
105185311
52725791
42229791
31713311
63293471
52766751
63211551
73728031
94750751
52715551
42219551
31733791
42240031
42270751
73809951
105216031
42260511
42240031
42260511
63262751
73738271
31764511
31784991
31774751
52766751
42240031
42250271
31754271
52746271
42291231
52756511
31774751
42229791
52766751
52746271
73738271
52776991
52807711
31744031
52766751
52787231
63272991
42250271
52766751
63242271
52756511
115763231
42250271
42250271
52787231
31733791
42229791
52797471
31795231
52766751
31754271
63252511
63303711
42229791
31723551
52756511
42229791
84316191
63221791
42250271
63262751
42291231
42280991
52766751
52766751
42250271
63232031
42291231
52746271
42250271
42229791
84254751
52797471
42280991
52766751
52746271
52746271
42260511
42240031
31805471
31754271
42250271
52746271
52828191
42219551
84234271
42291231
52797471
31744031
42240031
52725791
52746271
