84183040
73717760
73697280
63221760
73687040
73728000
52736000
73697280
63221760
52715520
52725760
63211520
52725760
52725760
52715520
63221760
42229760
42219520
73707520
73717760
52736000
31764480
73697280
42219520
94689280
63252480
52705280
42240000
42240000
42260480
73717760
42240000
42250240
178636800
73717760
63221760
52725760
42250240
84213760
52725760
42229760
31744000
63211520
84234240
52736000
63242240
73738240
42260480
63232000
42260480
52766720
31754240
63242240
52746240
52746240
63221760
52736000
31774720
42260480
42270720
31744000
63232000
52715520
42240000
52766720
31764480
52746240
63221760
84244480
42260480
73738240
63283200
42219520
31764480
52766720
42250240
31774720
42240000
42280960
31764480
42270720
31784960
42280960
42229760
63242240
42260480
42260480
42280960
42240000
42260480
42240000
31774720
73779200
73779200
31774720
42270720
31774720
63242240
42250240
31764480
52746240
63272960
42270720
42250240
52756480
52787200
42260480
52766720
42270720
42270720
52776960
52746240
42250240
52766720
42260480
73758720
52736000
73779200
52736000
63262720
63242240
63252480
31744000
42250240
63262720
42260480
42260480
52787200
42229761
42240001
52705281
42219521
94699521
42240001
94689281
42240001
42219521
52725761
63211521
52725761
42219521
52725761
31744001
42240001
63211521
84203521
63211521
52725761
52715521
63211521
63232001
31744001
42240001
52715521
94699521
105154561
42219521
42229761
42250241
42270721
42240001
42229761
31744001
42229761
63211521
42229761
63252481
73717761
31754241
52725761
52736001
52746241
63221761
52736001
115701761
52746241
42250241
63242241
52736001
63242241
105236481
42219521
42270721
63242241
73768961
63272961
84244481
52736001
63242241
42229761
42260481
31764481
42229761
63262721
42219521
73758721
42250241
105216001
42229761
42260481
31733761
42240001
42280961
52787201
42291201
42260481
31744001
42240001
52746241
52756481
52756481
52787201
52766721
42260481
42250241
31774721
52776961
73768961
42250241
52787201
52766721
73728001
52756481
42270721
42260481
52766721
42280961
42291201
42260481
84264961
42260481
42260481
42270721
42270721
42260481
73768961
52756481
42260481
42260481
42240001
52746241
42250241
52787201
52766721
63262721
42260481
31764481
31744001
63242241
42270721
31764481
42250241
42291201
42240001
63283201
52787201
42229762
52736002
42229762
94709762
73738242
63242242
84183042
63211522
63211522
42240002
63242242
52684802
52705282
52736002
63191042
52715522
52736002
84193282
52715522
42240002
52725762
42229762
42250242
42240002
42229762
63211522
31733762
52736002
52736002
42250242
73707522
42229762
42219522
42219522
73707522
42219522
42250242
42219522
31744002
42209282
52715522
52725762
73728002
31733762
31744002
42229762
105205762
52736002
63242242
73717762
42250242
52756482
84224002
52787202
73717762
31754242
52766722
42270722
63252482
42240002
52766722
73728002
52756482
52736002
31754242
52746242
42240002
42260482
42229762
42240002
63232002
63252482
52766722
31764482
31754242
42280962
42250242
42260482
31764482
63242242
63201282
52746242
31774722
42250242
52756482
42250242
31764482
63262722
52725762
73748482
42280962
42219522
42280962
42260482
42291202
52766722
42291202
52725762
31795202
42270722
52787202
42270722
42260482
42270722
31784962
52766722
31764482
52776962
52787202
42270722
52746242
84264962
31764482
42280962
42270722
42260482
52766722
42240002
52746242
31795202
31774722
63252482
31754242
42260482
63252482
42270722
42270722
52797442
84203523
52725763
42229763
63211523
105216003
168079363
94699523
52746243
52736003
42219523
52736003
84203523
94699523
63242243
63221763
42229763
84213763
42240003
42229763
42240003
52725763
52715523
52725763
94668803
73717763
52736003
42209283
63201283
52705283
42229763
42219523
52736003
52736003
63211523
52715523
157644803
52725763
63201283
52756483
73738243
63221763
42229763
42250243
42250243
31723523
94720003
42260483
31733763
42240003
52766723
42229763
42229763
63262723
31774723
31744003
42260483
73758723
63252483
42250243
31744003
52776963
52736003
31764483
42250243
73748483
31754243
31744003
63232003
31733763
63232003
63252483
42229763
94750723
42260483
42280963
73758723
52756483
42250243
63252483
42240003
52766723
73738243
52776963
63262723
31744003
42280963
31764483
42260483
42250243
31723523
42250243
42260483
52766723
84234243
31774723
42280963
42270723
31754243
42270723
42260483
42270723
42260483
42270723
42260483
63242243
31754243
42280963
31733763
63283203
52776963
52787203
42291203
52776963
42270723
52766723
52787203
42260483
42250243
42260483
42260483
52776963
73758723
52766723
31774723
42250243
31784963
73768963
52766723
42240004
52736004
52725764
63211524
42219524
52695044
52746244
63242244
42209284
42240004
52715524
63211524
84183044
52756484
42240004
42240004
52725764
63221764
52736004
52695044
52715524
52725764
52715524
42219524
52725764
52715524
42219524
42229764
52736004
63232004
42219524
42229764
52725764
73748484
42229764
42240004
52736004
42240004
73738244
42260484
42240004
31733764
63211524
42250244
52725764
42240004
42250244
42250244
31744004
52725764
42240004
63221764
42219524
73738244
42250244
42260484
94740484
42240004
52756484
63232004
42250244
73748484
42260484
42209284
52766724
42250244
42250244
31754244
52736004
52756484
42270724
73758724
42240004
52746244
42240004
42260484
52746244
52756484
73738244
31774724
31774724
63232004
31774724
42260484
52725764
84285444
52736004
52756484
63242244
31764484
31754244
31795204
73748484
52787204
42260484
42250244
52736004
42240004
52756484
31764484
52776964
52766724
63272964
73779204
63252484
42270724
42260484
42250244
31754244
52746244
42260484
42270724
42229764
42250244
42260484
52776964
31754244
52756484
52746244
31754244
42260484
42280964
52746244
42280964
73779204
31784964
42280964
52787204
42229765
63242245
84203525
42229765
94679045
52746245
94699525
42240005
73666565
52705285
52705285
52715525
105216005
42229765
52736005
42229765
42229765
42229765
63201285
42219525
52725765
52746245
52736005
63211525
52736005
52715525
42229765
42260485
52736005
73717765
52736005
73728005
63221765
94699525
42229765
42250245
31733765
84224005
52746245
42240005
42260485
42240005
63232005
42240005
73717765
31733765
42240005
42219525
42219525
42229765
31754245
42219525
42250245
42250245
52725765
63221765
42260485
73738245
31764485
42250245
31754245
42260485
42260485
42240005
42219525
31744005
42240005
42250245
52736005
42240005
31744005
63232005
42229765
63262725
52746245
31744005
42250245
42229765
94720005
42260485
52756485
42250245
52766725
42260485
63242245
52766725
31764485
31764485
52756485
31764485
42219525
42250245
52776965
42301445
31754245
84224005
42260485
42250245
31774725
42250245
31733765
63252485
42240005
42250245
42250245
42291205
42270725
31784965
31774725
42240005
52776965
42280965
31774725
31774725
52766725
52787205
42270725
63232005
52766725
42260485
42260485
42280965
52776965
42291205
42260485
42229765
42260485
52776965
63211526
42209286
52705286
52705286
63211526
52705286
73676806
63221766
115660806
84172806
52715526
115681286
52695046
63211526
52715526
84203526
42219526
42209286
52725766
42219526
42219526
73707526
63221766
42229766
42229766
63201286
42219526
52715526
52715526
63242246
63211526
52715526
31733766
63221766
42240006
84244486
84213766
42229766
105216006
42229766
84234246
42209286
31764486
73738246
42209286
42219526
52746246
52725766
31754246
73758726
52736006
63221766
52756486
42219526
42250246
63252486
52725766
42240006
42250246
42270726
31733766
63232006
52756486
42229766
52725766
31774726
52756486
42240006
31733766
63232006
42260486
52736006
42240006
52736006
31754246
31764486
42250246
31764486
42250246
73738246
42250246
63252486
42240006
42229766
42240006
63272966
94740486
42260486
42219526
42250246
42240006
31754246
63252486
52787206
52766726
31764486
42260486
31754246
42260486
42280966
42219526
31754246
42250246
42260486
42280966
84234246
42260486
31764486
52776966
31784966
31784966
42280966
31764486
31795206
31795206
73799686
52766726
52756486
31764486
42260486
63232006
42291206
42260486
42280966
42260486
52776966
42280966
63262726
52715527
84193287
52695047
73707527
42229767
136652807
73728007
42209287
42219527
52715527
42209287
136693767
42240007
42240007
52705287
63221767
42219527
42250247
52715527
42219527
52684807
42240007
42219527
42229767
42240007
42219527
42250247
52736007
84244487
52736007
94679047
94709767
52746247
52746247
52736007
42229767
42209287
52736007
52736007
63242247
42250247
52736007
42250247
31774727
63232007
42240007
42250247
31754247
42250247
73738247
42240007
42260487
52746247
31744007
63221767
42260487
42229767
42260487
42209287
42250247
31754247
31713287
63262727
31754247
52736007
31784967
105236487
42260487
52736007
42260487
63232007
42240007
63252487
63232007
42250247
42260487
31733767
52746247
52756487
31754247
52736007
52756487
42260487
31754247
42240007
52756487
42240007
52756487
31774727
42229767
31733767
31764487
73768967
52725767
84244487
52736007
31774727
52766727
31754247
42260487
42270727
31754247
31744007
31754247
63242247
31754247
42250247
31744007
31764487
42250247
31774727
31774727
52766727
31764487
31764487
42240007
52756487
52766727
42270727
73779207
63262727
42250247
63293447
31774727
31764487
42301447
52766727
52797447
115640328
63180808
52725768
136663048
105185288
63191048
52746248
42209288
63221768
52725768
63232008
63242248
84203528
63211528
63221768
63242248
94658568
52715528
84193288
63211528
42219528
52695048
136632328
42250248
52725768
73717768
52715528
73717768
42229768
52756488
63232008
63221768
42250248
63201288
42219528
63211528
73738248
42250248
52715528
52715528
94720008
115681288
42240008
63232008
42229768
52746248
73728008
31744008
73748488
73717768
31744008
52736008
31754248
73728008
42240008
73738248
42219528
52756488
73717768
42250248
63262728
31733768
31723528
31744008
63232008
42250248
63262728
42260488
31764488
31754248
42250248
31733768
52776968
31764488
31754248
63232008
52746248
52746248
42270728
52787208
31754248
31754248
63262728
63221768
42250248
42250248
73758728
52746248
31754248
31733768
42250248
31764488
31733768
42240008
73758728
42250248
42270728
31754248
63272968
42270728
52756488
52756488
42280968
42229768
52766728
42260488
42260488
42260488
63262728
52746248
42291208
42280968
63262728
42291208
42291208
84275208
31795208
42270728
52787208
42270728
52807688
42260488
42250248
63272968
42260488
42280968
31795208
42280968
42219529
63180809
105185289
63201289
42219529
52705289
94709769
73707529
73687049
42209289
42209289
52725769
73707529
63201289
42209289
84213769
42219529
42219529
42240009
63221769
52736009
63211529
115660809
52736009
73687049
63211529
63211529
42240009
31733769
105205769
73687049
63232009
52695049
73717769
52746249
52736009
63211529
42229769
52756489
42229769
42229769
73717769
42209289
42250249
52725769
52736009
42229769
52746249
42229769
31754249
52756489
52725769
42219529
63252489
52756489
42250249
31733769
42250249
42229769
73728009
42270729
42229769
31784969
42270729
52725769
52736009
42250249
42229769
52756489
52736009
94730249
42229769
52766729
31774729
52725769
52746249
31754249
31744009
42260489
42240009
42240009
42260489
52766729
52756489
52715529
42229769
42260489
31744009
52766729
42280969
52746249
42240009
63232009
52756489
42260489
105226249
31764489
31764489
42250249
42260489
63293449
42260489
52766729
42270729
63313929
42280969
31744009
63232009
31795209
42250249
31754249
42260489
52766729
31774729
63303689
31754249
42260489
63293449
42260489
52787209
42280969
63272969
42280969
52776969
31774729
52766729
63272969
31774729
94709770
52715530
126156810
52715530
63211530
52684810
52736010
84213770
52705290
73697290
84183050
52715530
84172810
42219530
94730250
63211530
52756490
63221770
115671050
42240010
42240010
52725770
42209290
42240010
52725770
42209290
94720010
73707530
42240010
84193290
42240010
73676810
42229770
63242250
42240010
52725770
52725770
42250250
42270730
31764490
42250250
42209290
63211530
42219530
52766730
73728010
52736010
31733770
42250250
84224010
52725770
52736010
42240010
52746250
42250250
42229770
42240010
73717770
42260490
42229770
73738250
52746250
31744010
31744010
147200010
136714250
42260490
42260490
42240010
31744010
42260490
42250250
42240010
52746250
42240010
31723530
42250250
31754250
52756490
42270730
52736010
52736010
42250250
63293450
42250250
73758730
42250250
31795210
52766730
63252490
52776970
31774730
42240010
42270730
42260490
52776970
52756490
84264970
63272970
42270730
42229770
42270730
63262730
42229770
63262730
52756490
42280970
42250250
31784970
63242250
42260490
31795210
52766730
31764490
63272970
42280970
42280970
63283210
42250250
31784970
42250250
31774730
42280970
42301450
31774730
42270730
31774730
31784970
73676811
63170571
126156811
63211531
63232011
52695051
73687051
42229771
63201291
115681291
52705291
42219531
42229771
52756491
105164811
52705291
52725771
73697291
52736011
52715531
52725771
52705291
52746251
42250251
63211531
42219531
73717771
52725771
63232011
52715531
42219531
73707531
84203531
84203531
42250251
31764491
42219531
73707531
42250251
84193291
42229771
63242251
31774731
63221771
52725771
31774731
63252491
42229771
52736011
42219531
84234251
42219531
42219531
52725771
31733771
42229771
84213771
52736011
42250251
52746251
52756491
42270731
84224011
42229771
52736011
42240011
31754251
52736011
31764491
42250251
52736011
42229771
31723531
52746251
31754251
52756491
31723531
31754251
52756491
52746251
31744011
63242251
42270731
42260491
31754251
42270731
42280971
42250251
31733771
52756491
63252491
52766731
52746251
31744011
31764491
42270731
31784971
31733771
42250251
42270731
42270731
42270731
42260491
31764491
52766731
52756491
42270731
31754251
31744011
42260491
31774731
52756491
63272971
42280971
42291211
42270731
31774731
52787211
31774731
52776971
52766731
42291211
21278731
31774731
31784971
42229771
42270731
42250251
63201292
42219532
84203532
52705292
73687052
63170572
42209292
52715532
136683532
52725772
42219532
84183052
42219532
94679052
84183052
52715532
52746252
63221772
63191052
42250252
84172812
126156812
42229772
94689292
42240012
42229772
31744012
42219532
63211532
73687052
42229772
63232012
126208012
52746252
42229772
63232012
73728012
63252492
94709772
94709772
115681292
84234252
31754252
42219532
31744012
42219532
52746252
73728012
42240012
84193292
42209292
31754252
84213772
63221772
31744012
42219532
63242252
42229772
52736012
31784972
42219532
31754252
42229772
52746252
63242252
52725772
31744012
52746252
73707532
31754252
42250252
42229772
52746252
42219532
63252492
42229772
31713292
42270732
42250252
31744012
63242252
31713292
42229772
42240012
63232012
73717772
73728012
73758732
42260492
63252492
42229772
42250252
42260492
31764492
31784972
42260492
31774732
31795212
73789452
31744012
63232012
31754252
31744012
42270732
42270732
52776972
52746252
42229772
42291212
31744012
42270732
42280972
42260492
42240012
42250252
42219532
21258252
31774732
42280972
42260492
42260492
42260492
42260492
42280972
31764492
52787212
31733772
31764492
94689293
63221773
42219533
73666573
105175053
84193293
63211533
63191053
42219533
52705293
52736013
52705293
63242253
52715533
73728013
73707533
94679053
42209293
63221773
63221773
73728013
63221773
52715533
73707533
42219533
63191053
94689293
73707533
42240013
31764493
63211533
63232013
63191053
52715533
63180813
42219533
42229773
42229773
73687053
42219533
42229773
73717773
63221773
42209293
52736013
63232013
52746253
42250253
52725773
42250253
42250253
31754253
42240013
42240013
31723533
52725773
63252493
52736013
42240013
42219533
84234253
52725773
31723533
31754253
63262733
42229773
63242253
42270733
63252493
42240013
63232013
42229773
73748493
42240013
31744013
52756493
31744013
42229773
42280973
42250253
52756493
52756493
31744013
73738253
63211533
31744013
105226253
42301453
31764493
31754253
31754253
52736013
52756493
31744013
42260493
31774733
63252493
31764493
42280973
52736013
84234253
42250253
52756493
31774733
31774733
42250253
73758733
52746253
63283213
42260493
63242253
42270733
73779213
42229773
63242253
42291213
31754253
42270733
63272973
31774733
31774733
42250253
52766733
52776973
31774733
42280973
31784973
42280973
52715534
105185294
42209294
42219534
115660814
52725774
63201294
73697294
73707534
94658574
52715534
63201294
73738254
63180814
73697294
63211534
42219534
52715534
42229774
42229774
63221774
42240014
52715534
42240014
115660814
73717774
63221774
84193294
84183054
42219534
52715534
105175054
63211534
73697294
63201294
42250254
42250254
73717774
31733774
94709774
63211534
52725774
52715534
73697294
52725774
63211534
63242254
42240014
84193294
52725774
31754254
73728014
31744014
52746254
73717774
31754254
52736014
42260494
42209294
42260494
42260494
52725774
31723534
52725774
42240014
63242254
42240014
42229774
73738254
42229774
52746254
63232014
52766734
63221774
52746254
52746254
73748494
42229774
42240014
52756494
52746254
42229774
31754254
42229774
63232014
31754254
42260494
52756494
31764494
63252494
52756494
31774734
31784974
42260494
31774734
31774734
84244494
42260494
42260494
31764494
52736014
42260494
42270734
42250254
63242254
31784974
42240014
42260494
31733774
42250254
31764494
52725774
52746254
52766734
42260494
52766734
21237774
52746254
31754254
42250254
42240014
42240014
42250254
31784974
52766734
52787214
31784974
73809934
63201295
73687055
63191055
52684815
52705295
94689295
84183055
84183055
84183055
63232015
126136335
52715535
42209295
115640335
73707535
63201295
94699535
84172815
42240015
42229775
52705295
136642575
63221775
52715535
42250255
147159055
42199055
63201295
63232015
73728015
52715535
42250255
115681295
63221775
42240015
52746255
94689295
63211535
52736015
42229775
84213775
84203535
52725775
84213775
42250255
31744015
42240015
63211535
31723535
52715535
42240015
73717775
63211535
73728015
105216015
63221775
73697295
52746255
63252495
63211535
42240015
31733775
42260495
31764495
31754255
31744015
52746255
63232015
42270735
63242255
42270735
42250255
42260495
52756495
42270735
105205775
42229775
42229775
52725775
73717775
42240015
31733775
42250255
31713295
63232015
31733775
42270735
31764495
52766735
42250255
31774735
42260495
42280975
42229775
52766735
52766735
42270735
63232015
42250255
52736015
52756495
52766735
42260495
84275215
52766735
52746255
42250255
52776975
31744015
42260495
52766735
63252495
52776975
31784975
42260495
42260495
42280975
42260495
42250255
42260495
42280975
42280975
42240015
42291215
31764495
42240015
31754255
31754255
94668816
52715536
84203536
84203536
73687056
84172816
63191056
52705296
52725776
52705296
63211536
52715536
52695056
84193296
63221776
84193296
94689296
73697296
63201296
94699536
52684816
42240016
73697296
63232016
52736016
63232016
52725776
42229776
42229776
42229776
42209296
63211536
84224016
31723536
52715536
52725776
73697296
105185296
42219536
63201296
63221776
42209296
42229776
52746256
42219536
42229776
52725776
73728016
63221776
105195536
52725776
52756496
63201296
42240016
73748496
42250256
42240016
42229776
52736016
73717776
52736016
52736016
31744016
52705296
42260496
31744016
42260496
42260496
42270736
31723536
42250256
42250256
42260496
52736016
52766736
42229776
31754256
31733776
63221776
73728016
42291216
31733776
52766736
42250256
42240016
52725776
42250256
31733776
42270736
42250256
31784976
42250256
63242256
31754256
31774736
42229776
52776976
31754256
31774736
31764496
73758736
42240016
42240016
42240016
52766736
42260496
42270736
42270736
63242256
42260496
42270736
52756496
31784976
31795216
42291216
42280976
73738256
73779216
31805456
31795216
42260496
42260496
73768976
52756496
52766736
42250256
42260496
52766736
105154577
52705297
115671057
52715537
73707537
52705297
73707537
52725777
94668817
63201297
52736017
52705297
94699537
63201297
52715537
42209297
105175057
63211537
105195537
42219537
63201297
136642577
63211537
63221777
63211537
52736017
52736017
63221777
105175057
63232017
52705297
42240017
52725777
52736017
52695057
105164817
42199057
52715537
42260497
73697297
84213777
52684817
52725777
31713297
42219537
42199057
73748497
52736017
63252497
52736017
73738257
42219537
31744017
52715537
73717777
52705297
73728017
63232017
42240017
42229777
63232017
52746257
52736017
63232017
52746257
42240017
31754257
63221777
42219537
42229777
31723537
52736017
63262737
52756497
52736017
42229777
52746257
42240017
84244497
42240017
52725777
42229777
31744017
31744017
42219537
73707537
94699537
31744017
31754257
31723537
52766737
42270737
31744017
31754257
31764497
42240017
42240017
42260497
42280977
42270737
31784977
31784977
52736017
63252497
52736017
42270737
31784977
42260497
42280977
84264977
42280977
42260497
42260497
31764497
52766737
21299217
52766737
42240017
42250257
31744017
63252497
31784977
42301457
42229777
31744017
31764497
42280977
31795217
73687058
105154578
73687058
52684818
63211538
63191058
63201298
42229778
73717778
73676818
73697298
63211538
42219538
126146578
63201298
94689298
126167058
73697298
42240018
52695058
52736018
42229778
73697298
42260498
84213778
73676818
84183058
63221778
52766738
42219538
42199058
73707538
52715538
63211538
31733778
42240018
52736018
52705298
73717778
52705298
42229778
63201298
73728018
52715538
52736018
31733778
94730258
52725778
42219538
63221778
63232018
31744018
73707538
126167058
42260498
52725778
42250258
73728018
52725778
52705298
31744018
52736018
63221778
42240018
52736018
42240018
42250258
52746258
73738258
52725778
115732498
63242258
31764498
31784978
42250258
31744018
63211538
73728018
84224018
42240018
31754258
31744018
52756498
52746258
42240018
63242258
42250258
73748498
31764498
73717778
52756498
63242258
63262738
31723538
84244498
42270738
42240018
63252498
31764498
42240018
42260498
73758738
42291218
52736018
42229778
42270738
42270738
73738258
31744018
42229778
42270738
42240018
42270738
42250258
42229778
31774738
63272978
42229778
52756498
42260498
42260498
42260498
42270738
42240018
31754258
31825938
73768978
52787218
73687059
94648339
63211539
84193299
94679059
105144339
73707539
42199059
73697299
63201299
63201299
94648339
94668819
63211539
52715539
84193299
42219539
84172819
63170579
52695059
105175059
52736019
52715539
63180819
63211539
63191059
115671059
73717779
63191059
42240019
63221779
52736019
84203539
73728019
63221779
42240019
42240019
42240019
52705299
31733779
42209299
84203539
42229779
73728019
63232019
52736019
73697299
52725779
63232019
42219539
63211539
52715539
52725779
42229779
42229779
52725779
42219539
31733779
73707539
42219539
52736019
73738259
63221779
42229779
42240019
31733779
31744019
73738259
42250259
42229779
42250259
42260499
52736019
63252499
42229779
42270739
63252499
31733779
63232019
42260499
52756499
63221779
52736019
63252499
42270739
42270739
63242259
31784979
42240019
115722259
42291219
42260499
42270739
42240019
31754259
42250259
31754259
52766739
42250259
42291219
73748499
31744019
52746259
52776979
31764499
42250259
63262739
42250259
42250259
42250259
52736019
42260499
42260499
31744019
42250259
21258259
42291219
31784979
31744019
42280979
42270739
31754259
42280979
63262739
42280979
42240019
31784979
52746259
63211540
94658580
52715540
115671060
73676820
105175060
63191060
168110100
84203540
73697300
136622100
84193300
52695060
63221780
73717780
52736020
52705300
63201300
63191060
42229780
63201300
42199060
147128340
84183060
52725780
73707540
42209300
42219540
105175060
73707540
94668820
63201300
63221780
63211540
31764500
105185300
105164820
73728020
94699540
52736020
42229780
73717780
42219540
73707540
63201300
42219540
42219540
52725780
94689300
73707540
52715540
73707540
31744020
31754260
42229780
52725780
42291220
31754260
84224020
42240020
42250260
73717780
73717780
63211540
42229780
42219540
42229780
31774740
94709780
42270740
42240020
52736020
84203540
31784980
52736020
73748500
94720020
52766740
42240020
42250260
42219540
52756500
52746260
42229780
31744020
42240020
42250260
42229780
42270740
31764500
42240020
31744020
73738260
42240020
42229780
63272980
42270740
42270740
52746260
52746260
42270740
42260500
42280980
31754260
31764500
42250260
73738260
42260500
73758740
31774740
52766740
52736020
63272980
31784980
42260500
31764500
42291220
42229780
84244500
31774740
42280980
42250260
31774740
42270740
42250260
42270740
52766740
31784980
73676821
73687061
115671061
73687061
63180821
147118101
84172821
42250261
52715541
73666581
52705301
73687061
52715541
52684821
115671061
84234261
115650581
63221781
63191061
42209301
136622101
52705301
42209301
42240021
52725781
52725781
52715541
52725781
73697301
136663061
84203541
52725781
126156821
42199061
126156821
31723541
42219541
105175061
105175061
31733781
52725781
52736021
42219541
84224021
63232021
52736021
52736021
31733781
52725781
52746261
42219541
115671061
52715541
52725781
52715541
42219541
105205781
52736021
31754261
63232021
42229781
52725781
84203541
52736021
52725781
42270741
42240021
52746261
42219541
42260501
31754261
84203541
52746261
31733781
52725781
31754261
84203541
63232021
84234261
42250261
42229781
42260501
42240021
42260501
42229781
52736021
31774741
42229781
52776981
31723541
42240021
52715541
42229781
73748501
42219541
42250261
84275221
52766741
42229781
52797461
42260501
42280981
52746261
31784981
42250261
42260501
42250261
84234261
84275221
52776981
31774741
52776981
31764501
42250261
31774741
42280981
42280981
31744021
63252501
31744021
31774741
52766741
42270741
42260501
52787221
31764501
52766741
31744021
63211542
63201302
94658582
94658582
84193302
63191062
73676822
73697302
105175062
52705302
84183062
94658582
52705302
52684822
105175062
84183062
52725782
105205782
52715542
52715542
73697302
73697302
136652822
73707542
42229782
84203542
42209302
52705302
115660822
126146582
84183062
52695062
42229782
63232022
63211542
31713302
52756502
42229782
31723542
115660822
42229782
63221782
73697302
52715542
63211542
52756502
52715542
42240022
52736022
42229782
63232022
42250262
63232022
105164822
52746262
52725782
63232022
21237782
42270742
42240022
63262742
52736022
52715542
42240022
63252502
52736022
42229782
52756502
52705302
31744022
52746262
42240022
42250262
42291222
31723542
63221782
84213782
42250262
52746262
31764502
52746262
52736022
94699542
31754262
52746262
42250262
42240022
31733782
42260502
42260502
42250262
52746262
52766742
52725782
52776982
63232022
52746262
52766742
42250262
52766742
42250262
31774742
42229782
73768982
42240022
42270742
42270742
42250262
42260502
52756502
42250262
52766742
31805462
31795222
42250262
63262742
52766742
42291222
31764502
52776982
42280982
63283222
42260502
63272982
42260502
84295702
42260502
42260502
63191063
73676823
84162583
84162583
168099863
84183063
52705303
105195543
52705303
115660823
84172823
52705303
52736023
63211543
84172823
73687063
84203543
105185303
63211543
84203543
52705303
63232023
52715543
84203543
84224023
94720023
94679063
63191063
52746263
84234263
52715543
63221783
42250263
73687063
73707543
63201303
52736023
52746263
84183063
105164823
84203543
63211543
63232023
42219543
52736023
31733783
94689303
52715543
52695063
31754263
52736023
52746263
52725783
52736023
73717783
31733783
63221783
52725783
31733783
31754263
42260503
42250263
94709783
42229783
84224023
126156823
115712023
63232023
52746263
52746263
52776983
63232023
31764503
42270743
42260503
31764503
42250263
52746263
31744023
73728023
63252503
115712023
73748503
42260503
42260503
63262743
31774743
52756503
63232023
42280983
52746263
42250263
63221783
31744023
42260503
52736023
52776983
42270743
42270743
52746263
42250263
42280983
52776983
52746263
42260503
63262743
63262743
42250263
52736023
42250263
42240023
42260503
42260503
42250263
42250263
31784983
63262743
31774743
31774743
42229783
42260503
31784983
63242263
31784983
42270743
52776983
52776983
31744023
94679064
84172824
63201304
84172824
105164824
73687064
199557144
73676824
126136344
84183064
63201304
63211544
73687064
42209304
126167064
63201304
105154584
84193304
52705304
63201304
84183064
73697304
52695064
42209304
42199064
94689304
84193304
42240024
94709784
94709784
31723544
42219544
84213784
73707544
63242264
52705304
52715544
94679064
63242264
42229784
115650584
73717784
42240024
42229784
52736024
42229784
42250264
63232024
105175064
52746264
42250264
52725784
42240024
84234264
84213784
52725784
42219544
42229784
52746264
73717784
94709784
42260504
73728024
42219544
52746264
31733784
94730264
52736024
73707544
52725784
63242264
52725784
52746264
52736024
31754264
63242264
63232024
42250264
126208024
42219544
63232024
52746264
42291224
84234264
52776984
52746264
42250264
42260504
31784984
42240024
42270744
52756504
63272984
63211544
42291224
52756504
52746264
52746264
31744024
42260504
63272984
42270744
42250264
52736024
84203544
31754264
105226264
42250264
63252504
42291224
52746264
63262744
63252504
63283224
42260504
31764504
52776984
42250264
31754264
52766744
31784984
31764504
31754264
31774744
63293464
42260504
94791704
31795224
84183065
84183065
84183065
73687065
105164825
105154585
105164825
94648345
94689305
63201305
84203545
84183065
63201305
63201305
73666585
63211545
42209305
42219545
52695065
63211545
52715545
84224025
115640345
73697305
73697305
42260505
42219545
84183065
63252505
52705305
52684825
73697305
126167065
84213785
52725785
42219545
73707545
52705305
42229785
52725785
52736025
94709785
42229785
63221785
63232025
52736025
52715545
84213785
73748505
63232025
63221785
63211545
42229785
63232025
63221785
52715545
52736025
31723545
63242265
31744025
42229785
31723545
42240025
73697305
42240025
42240025
42240025
31754265
42250265
84213785
42240025
31754265
31764505
52756505
73717785
52766745
52746265
31764505
52746265
31744025
73707545
52776985
42250265
31764505
42240025
84224025
42280985
42250265
52756505
52736025
42229785
52746265
42250265
42240025
31815705
42250265
42270745
42229785
31774745
42229785
73738265
52736025
63293465
63252505
31754265
52776985
52766745
31784985
63272985
42250265
84285465
42270745
31784985
42229785
31754265
63252505
63242265
63272985
31744025
31744025
42250265
63262745
31774745
52756505
42250265
42260505
42240025
42291225
84183066
63211546
94679066
63201306
52705306
126126106
73697306
84193306
94668826
63211546
52715546
105154586
94689306
115660826
63221786
63191066
73707546
73707546
115681306
73717786
73697306
84193306
63211546
63221786
52695066
63232026
63201306
63201306
63211546
94679066
42219546
63211546
42229786
94668826
52705306
63211546
63221786
73697306
73697306
31744026
63201306
73717786
84213786
73728026
115681306
52725786
52725786
42250266
73728026
63221786
84234266
52715546
31754266
31733786
31754266
52715546
52736026
63232026
52736026
52736026
63221786
52715546
73707546
42219546
52715546
42219546
73717786
52756506
52736026
73728026
42250266
42250266
63242266
31744026
52736026
52736026
63221786
52736026
42260506
63211546
73748506
42260506
31754266
94709786
84203546
52736026
31733786
63221786
42250266
31723546
42250266
63232026
126177306
42240026
42240026
63232026
42240026
63293466
42219546
52756506
73738266
84234266
42250266
42270746
42250266
31733786
63252506
31764506
52766746
31774746
52756506
52746266
84254746
42229786
84234266
31764506
52766746
42250266
84244506
42250266
52746266
42291226
31764506
63262746
63272986
52746266
52756506
42240026
94648347
115660827
105164827
94679067
84183067
73687067
84203547
84172827
63211547
136663067
52715547
84203547
63221787
63201307
63180827
42229787
63191067
126156827
42229787
157603867
42229787
63191067
94689307
105164827
73697307
52725787
42229787
84183067
115660827
42209307
73687067
73728027
52705307
42219547
84193307
73697307
42219547
52705307
31713307
73697307
94720027
115681307
42229787
84224027
115660827
42229787
42260507
52725787
31754267
42240027
52715547
63221787
42240027
42229787
52736027
42229787
31764507
42240027
42219547
42240027
52746267
52766747
42229787
63221787
73728027
52736027
52746267
52746267
42280987
42250267
42250267
52746267
63242267
52756507
52746267
52715547
42240027
42260507
52746267
73738267
94740507
42229787
31733787
42229787
84213787
42229787
31754267
42240027
42240027
31754267
42209307
73738267
31774747
31733787
52746267
52756507
31764507
42270747
31733787
42229787
63252507
31764507
42250267
42240027
42291227
42250267
63252507
52766747
31754267
31764507
52756507
42250267
31774747
42260507
52746267
42291227
63232027
63232027
73768987
52787227
42260507
31764507
52736027
42250267
84264987
52736027
52746267
42270747
94679068
63180828
73717788
94658588
136642588
73656348
94658588
52715548
84183068
73666588
73697308
126146588
52705308
84193308
73687068
52705308
73707548
73717788
63191068
94689308
94679068
52705308
84183068
52725788
73707548
115650588
63201308
63211548
52705308
63232028
73717788
63191068
105195548
52725788
94699548
42229788
63232028
52725788
31754268
42240028
52715548
73717788
31733788
42240028
52736028
84203548
52725788
63232028
42229788
84224028
42219548
63232028
42219548
84213788
31744028
42250268
52746268
63201308
52725788
52725788
73748508
73728028
42240028
52746268
31754268
84193308
52746268
42240028
84224028
52746268
63262748
42250268
31774748
21227548
52725788
73738268
52746268
73738268
42240028
52756508
42250268
52746268
42240028
31744028
52736028
42250268
94720028
31774748
31733788
42250268
52725788
52736028
52746268
52746268
52736028
31754268
73748508
63201308
63252508
42240028
42291228
52756508
31754268
63242268
31795228
52746268
52756508
42250268
31754268
42240028
31774748
73738268
52756508
52725788
52746268
42240028
73748508
42250268
52746268
21268508
42260508
52766748
52766748
42260508
31754268
42291228
42260508
63242268
126156829
84172829
63211549
105164829
73687069
115650589
115660829
63211549
42229789
84183069
52705309
73697309
84172829
115671069
63201309
73697309
105164829
42219549
73687069
73707549
84162589
42199069
63211549
73697309
73728029
42240029
63232029
52715549
84193309
126146589
63221789
63211549
52736029
52725789
42240029
73728029
63252509
52715549
94689309
63221789
94689309
42229789
84213789
31723549
63211549
63221789
42219549
42240029
105185309
63232029
31733789
94699549
42229789
73697309
42229789
31744029
42250269
42229789
42250269
42270749
42260509
31713309
52756509
73728029
94750749
52746269
42250269
42240029
42260509
73717789
42219549
52725789
63272989
42250269
31723549
73738269
31774749
42240029
42240029
63242269
42260509
42240029
42240029
42260509
31764509
42270749
73707549
84224029
31774749
52715549
42250269
115732509
42260509
21268509
52736029
52746269
42260509
63262749
42260509
73748509
73728029
42260509
31744029
42260509
63232029
31723549
31754269
42260509
42229789
42250269
42250269
42260509
63283229
42270749
31764509
42260509
42260509
31764509
42280989
52756509
52725789
52756509
42270749
42260509
52746269
73768989
42250269
52776989
84183070
63201310
52695070
73687070
105175070
63191070
52705310
73697310
73697310
105154590
63191070
63201310
115691550
52715550
94679070
63221790
52705310
73697310
42219550
42219550
84224030
94658590
63211550
52705310
52756510
63191070
73697310
52756510
52746270
42250270
52725790
94699550
52725790
52715550
73728030
42219550
63232030
105175070
94720030
42219550
73707550
42229790
73728030
105195550
63242270
52746270
63232030
84234270
42260510
42219550
42250270
52736030
42260510
42250270
31744030
52715550
42250270
63232030
52746270
31744030
31733790
42260510
52736030
63242270
42219550
52746270
42240030
31764510
105216030
52766750
42229790
42250270
63211550
42260510
63211550
73738270
73738270
52725790
31733790
42270750
42240030
31764510
73717790
52776990
31744030
52756510
31774750
42260510
42240030
63242270
31723550
31723550
52736030
52746270
31754270
63262750
42240030
42229790
31744030
31733790
42250270
52736030
31713310
52756510
42260510
52746270
42250270
31754270
63232030
63232030
42260510
31733790
42250270
52766750
42240030
52776990
52725790
52736030
63252510
63252510
42229790
52756510
42250270
52736030
63262750
42260510
63232030
42270750
105175071
84183071
52736031
73676831
115650591
63170591
52695071
84224031
105154591
115671071
63211551
63211551
52705311
63201311
42219551
63211551
73717791
147118111
73717791
73697311
84203551
63221791
73687071
52715551
94709791
63211551
52705311
63180831
73676831
42229791
52725791
105164831
42229791
42229791
42209311
73738271
63242271
52715551
63232031
94720031
42229791
42229791
42219551
52725791
42260511
84244511
105195551
52736031
31754271
42250271
63232031
73717791
31764511
42260511
31764511
63232031
31744031
42250271
42240031
52736031
42270751
42260511
31764511
42229791
52756511
52736031
63232031
52756511
52776991
31754271
52746271
52766751
63252511
31754271
52746271
63221791
52746271
105226271
42240031
42240031
63242271
31733791
42229791
52766751
42260511
52746271
31754271
63232031
73748511
42229791
31733791
42260511
42229791
94771231
63221791
42240031
63242271
52756511
42270751
52746271
63232031
42250271
63221791
42270751
52736031
42250271
42229791
73738271
63252511
42260511
52756511
52736031
63221791
42250271
31744031
31784991
42240031
52736031
52736031
52797471
42209311
84213791
42270751
63252511
31744031
31744031
52725791
52746271
