       0
       0
       0
       0
       0
       0
       0
       0
       0
       0
       0
       0
       0
       0
       0
       0
       0
       0
       0
       0
       0
       0
       0
       0
       0
       0
       0
       0
       0
       0
       0
       0
       0
       0
       0
       0
       0
       0
       0
       0
       0
       0
       0
       0
       0
       0
       0
       0
       0
       0
       0
       0
       0
       0
       0
       0
       0
       0
       0
       0
       0
       0
       0
       0
63262720
42240000
52736000
63211520
94740480
52736000
73738240
73779200
31713280
42229760
52766720
42240000
42250240
52715520
42280960
52725760
31784960
42260480
42280960
31733760
63242240
52746240
42260480
42280960
31744000
42260480
31744000
42250240
73789440
73799680
42260480
42270720
31764480
52756480
42240000
31754240
63232000
63272960
42260480
42240000
42270720
52787200
31774720
42280960
31784960
52746240
52776960
52736000
42240000
52766720
42250240
73768960
63211520
73789440
42229760
63252480
63242240
52766720
42209280
42229760
63272960
42260480
42250240
52797440
       1
       1
       1
       1
       1
       1
       1
       1
       1
       1
       1
       1
       1
       1
       1
       1
       1
       1
       1
       1
       1
       1
       1
       1
       1
       1
       1
       1
       1
       1
       1
       1
       1
       1
       1
       1
       1
       1
       1
       1
       1
       1
       1
       1
       1
       1
       1
       1
       1
       1
       1
       1
       1
       1
       1
       1
       1
       1
       1
       1
       1
       1
       1
       1
42219521
52787201
42199041
73768961
42240001
115712001
42219521
52736001
42199041
42219521
52756481
63272961
42301441
42260481
42209281
42219521
42250241
52756481
42270721
52797441
52766721
42250241
42240001
31764481
52787201
63293441
42240001
42311681
63242241
73728001
42270721
42260481
42250241
52756481
31795201
42291201
42240001
73799681
42250241
31774721
52746241
42260481
31764481
63293441
52756481
42250241
31764481
52715521
52736001
42240001
52797441
52766721
63272961
31764481
31754241
31713281
52756481
42270721
42229761
31754241
42291201
52715521
63293441
42311681
       2
       2
       2
       2
       2
       2
       2
       2
       2
       2
       2
       2
       2
       2
       2
       2
       2
       2
       2
       2
       2
       2
       2
       2
       2
       2
       2
       2
       2
       2
       2
       2
       2
       2
       2
       2
       2
       2
       2
       2
       2
       2
       2
       2
       2
       2
       2
       2
       2
       2
       2
       2
       2
       2
       2
       2
       2
       2
       2
       2
       2
       2
       2
       2
31733762
52736002
31744002
42260482
42199042
42219522
63221762
52766722
52766722
42240002
42219522
52766722
42240002
52736002
42229762
73728002
63170562
52746242
31764482
42240002
42270722
42229762
42240002
52787202
42229762
73748482
52756482
31713282
42270722
42250242
42291202
52766722
42301442
42219522
42270722
42270722
52797442
42270722
42260482
42260482
42270722
52766722
42229762
63262722
63272962
42270722
52736002
84285442
31754242
42270722
42270722
52746242
52756482
31744002
42240002
42270722
42250242
63242242
31733762
42250242
52766722
31774722
42260482
63283202
       3
       3
       3
       3
       3
       3
       3
       3
       3
       3
       3
       3
       3
       3
       3
       3
       3
       3
       3
       3
       3
       3
       3
       3
       3
       3
       3
       3
       3
       3
       3
       3
       3
       3
       3
       3
       3
       3
       3
       3
       3
       3
       3
       3
       3
       3
       3
       3
       3
       3
       3
       3
       3
       3
       3
       3
       3
       3
       3
       3
       3
       3
       3
       3
84244483
42219523
31723523
63221763
31713283
63232003
63252483
42209283
94771203
42260483
42270723
73768963
63232003
42240003
63252483
42229763
42270723
84234243
52776963
63262723
42219523
42280963
31754243
42250243
52736003
21217283
42229763
42250243
52766723
63262723
31754243
42270723
42270723
31733763
31764483
42250243
42260483
52736003
42270723
42260483
63242243
42219523
42280963
42199043
63303683
52776963
52797443
42301443
52787203
31784963
52766723
63262723
31764483
42240003
31774723
42250243
63272963
63272963
52766723
31754243
42240003
31774723
63293443
52756483
       4
       4
       4
       4
       4
       4
       4
       4
       4
       4
       4
       4
       4
       4
       4
       4
       4
       4
       4
       4
       4
       4
       4
       4
       4
       4
       4
       4
       4
       4
       4
       4
       4
       4
       4
       4
       4
       4
       4
       4
       4
       4
       4
       4
       4
       4
       4
       4
       4
       4
       4
       4
       4
       4
       4
       4
       4
       4
       4
       4
       4
       4
       4
       4
52766724
42240004
42240004
42219524
52715524
52746244
42250244
73758724
52715524
52736004
31744004
42250244
52746244
52756484
73738244
31764484
42240004
63221764
42250244
52746244
52715524
84326404
52715524
52746244
52756484
31754244
31723524
42280964
73748484
42301444
42250244
42229764
52725764
31744004
42260484
31744004
63272964
52766724
63283204
73799684
63262724
42260484
42250244
31754244
31754244
52746244
31774724
31764484
42209284
42240004
42240004
52776964
31744004
52766724
52736004
31723524
42250244
42270724
42250244
42270724
63303684
31764484
52766724
63293444
       5
       5
       5
       5
       5
       5
       5
       5
       5
       5
       5
       5
       5
       5
       5
       5
       5
       5
       5
       5
       5
       5
       5
       5
       5
       5
       5
       5
       5
       5
       5
       5
       5
       5
       5
       5
       5
       5
       5
       5
       5
       5
       5
       5
       5
       5
       5
       5
       5
       5
       5
       5
       5
       5
       5
       5
       5
       5
       5
       5
       5
       5
       5
       5
42199045
42199045
42219525
42240005
52725765
31744005
31713285
63211525
52695045
84234245
52725765
31733765
52725765
42219525
94720005
42260485
52736005
42240005
42291205
52736005
73717765
42280965
42240005
42229765
52756485
31744005
31713285
42229765
42291205
52787205
42219525
84213765
52736005
31754245
31754245
42240005
31713285
63252485
31744005
42240005
42240005
42291205
42270725
31764485
31764485
42219525
63272965
31795205
31764485
31764485
63242245
52797445
42260485
52736005
52756485
42260485
42250245
42270725
52776965
42291205
52746245
31733765
52746245
52776965
       6
       6
       6
       6
       6
       6
       6
       6
       6
       6
       6
       6
       6
       6
       6
       6
       6
       6
       6
       6
       6
       6
       6
       6
       6
       6
       6
       6
       6
       6
       6
       6
       6
       6
       6
       6
       6
       6
       6
       6
       6
       6
       6
       6
       6
       6
       6
       6
       6
       6
       6
       6
       6
       6
       6
       6
       6
       6
       6
       6
       6
       6
       6
       6
52715526
31764486
42260486
42219526
31703046
63211526
42260486
52725766
42229766
42229766
42209286
42229766
42240006
31754246
42229766
73728006
42240006
63252486
31733766
52695046
52715526
63262726
84264966
52746246
31713286
42240006
42219526
42229766
63262726
52797446
52766726
31754246
52736006
42219526
42250246
42280966
42199046
31733766
42229766
42250246
42270726
84244486
42250246
42229766
52776966
31774726
42260486
52776966
31764486
31795206
31784966
63344646
52766726
42260486
31764486
31774726
52746246
52787206
31764486
52766726
31764486
52787206
42280966
63262726
       7
       7
       7
       7
       7
       7
       7
       7
       7
       7
       7
       7
       7
       7
       7
       7
       7
       7
       7
       7
       7
       7
       7
       7
       7
       7
       7
       7
       7
       7
       7
       7
       7
       7
       7
       7
       7
       7
       7
       7
       7
       7
       7
       7
       7
       7
       7
       7
       7
       7
       7
       7
       7
       7
       7
       7
       7
       7
       7
       7
       7
       7
       7
       7
52725767
42260487
105256967
52715527
31764487
42260487
52736007
42219527
63252487
52736007
52725767
42250247
31713287
52736007
42250247
31744007
52725767
52736007
52736007
31744007
52715527
42250247
42219527
52746247
21278727
31733767
42199047
31744007
73789447
52705287
84264967
42240007
31774727
52766727
31744007
42260487
31774727
31733767
31733767
42229767
52756487
42219527
42240007
31723527
31754247
42240007
31774727
31764487
52766727
31754247
31744007
31744007
42270727
52766727
42270727
63313927
63262727
31754247
63303687
31764487
31744007
52797447
52766727
52807687
       8
       8
       8
       8
       8
       8
       8
       8
       8
       8
       8
       8
       8
       8
       8
       8
       8
       8
       8
       8
       8
       8
       8
       8
       8
       8
       8
       8
       8
       8
       8
       8
       8
       8
       8
       8
       8
       8
       8
       8
       8
       8
       8
       8
       8
       8
       8
       8
       8
       8
       8
       8
       8
       8
       8
       8
       8
       8
       8
       8
       8
       8
       8
       8
63221768
52725768
73748488
42250248
31764488
31733768
42229768
42188808
52776968
42229768
42219528
63232008
52736008
52746248
42280968
52797448
42219528
31723528
63262728
63211528
42240008
42229768
73768968
52736008
42219528
31723528
42240008
31764488
31723528
42229768
73758728
42229768
52756488
42229768
63293448
52756488
52756488
63232008
52766728
31733768
52766728
42250248
31754248
42250248
63262728
52725768
42291208
31784968
63252488
52776968
42291208
73809928
42291208
42250248
42311688
42260488
42332168
31774728
42240008
73768968
31764488
42270728
31795208
42280968
       9
       9
       9
       9
       9
       9
       9
       9
       9
       9
       9
       9
       9
       9
       9
       9
       9
       9
       9
       9
       9
       9
       9
       9
       9
       9
       9
       9
       9
       9
       9
       9
       9
       9
       9
       9
       9
       9
       9
       9
       9
       9
       9
       9
       9
       9
       9
       9
       9
       9
       9
       9
       9
       9
       9
       9
       9
       9
       9
       9
       9
       9
       9
       9
63191049
52725769
42229769
31703049
42270729
63211529
94740489
42219529
63252489
42250249
52705289
52736009
31744009
31733769
42260489
52705289
42229769
42250249
52756489
42260489
42209289
31733769
42240009
31733769
52766729
42280969
42250249
42219529
63232009
52756489
42250249
94750729
31754249
31754249
42240009
42260489
63303689
42250249
52756489
42270729
52858889
42280969
42219529
52736009
31795209
31744009
42219529
42250249
63252489
31754249
73809929
31744009
31774729
52817929
42250249
52797449
42270729
63283209
42280969
52776969
31754249
52756489
52797449
31764489
      10
      10
      10
      10
      10
      10
      10
      10
      10
      10
      10
      10
      10
      10
      10
      10
      10
      10
      10
      10
      10
      10
      10
      10
      10
      10
      10
      10
      10
      10
      10
      10
      10
      10
      10
      10
      10
      10
      10
      10
      10
      10
      10
      10
      10
      10
      10
      10
      10
      10
      10
      10
      10
      10
      10
      10
      10
      10
      10
      10
      10
      10
      10
      10
136744970
147240970
52736010
42229770
42219530
42209290
52746250
42229770
52715530
42260490
52705290
31692810
42240010
31744010
63232010
52746250
52725770
52725770
42240010
52817930
42240010
73768970
31744010
31805450
52766730
73728010
52776970
42250250
31744010
52756490
42250250
52766730
42260490
84275210
73779210
42270730
31733770
31784970
63272970
42209290
63262730
52756490
42280970
42240010
31784970
73728010
42250250
31795210
52766730
31754250
73768970
42280970
42270730
63283210
42240010
31774730
31754250
31774730
42280970
42321930
31774730
42270730
31764490
42270730
      11
      11
      11
      11
      11
      11
      11
      11
      11
      11
      11
      11
      11
      11
      11
      11
      11
      11
      11
      11
      11
      11
      11
      11
      11
      11
      11
      11
      11
      11
      11
      11
      11
      11
      11
      11
      11
      11
      11
      11
      11
      11
      11
      11
      11
      11
      11
      11
      11
      11
      11
      11
      11
      11
      11
      11
      11
      11
      11
      11
      11
      11
      11
      11
63211531
31733771
31723531
52715531
42219531
42240011
42229771
42209291
31692811
52736011
31733771
52756491
42178571
42219531
42250251
52715531
42209291
63232011
42260491
42260491
31744011
52746251
42270731
42240011
31713291
52746251
52766731
42270731
52736011
31733771
31744011
31784971
42260491
42199051
52725771
42250251
42270731
42260491
42240011
31754251
42270731
52736011
31784971
42219531
31723531
42260491
42250251
52756491
63283211
42270731
42291211
42260491
31764491
63272971
31754251
63272971
52756491
52787211
42240011
31764491
42260491
42219531
42260491
42229771
      12
      12
      12
      12
      12
      12
      12
      12
      12
      12
      12
      12
      12
      12
      12
      12
      12
      12
      12
      12
      12
      12
      12
      12
      12
      12
      12
      12
      12
      12
      12
      12
      12
      12
      12
      12
      12
      12
      12
      12
      12
      12
      12
      12
      12
      12
      12
      12
      12
      12
      12
      12
      12
      12
      12
      12
      12
      12
      12
      12
      12
      12
      12
      12
73738252
52705292
42219532
63232012
73687052
42219532
42229772
42209292
52736012
42199052
63252492
42209292
42178572
52736012
42240012
31733772
63221772
31692812
42219532
42229772
52746252
73717772
73728012
73779212
42260492
73738252
42209292
52725772
42240012
31754252
42260492
31774732
31764492
42270732
73820172
42219532
73707532
31744012
31723532
42260492
31774732
52776972
42250252
31723532
52787212
42219532
42260492
52766732
31764492
42219532
31744012
42199052
31723532
31774732
31795212
52746252
31774732
42250252
42250252
52766732
42229772
52787212
21227532
31744012
      13
      13
      13
      13
      13
      13
      13
      13
      13
      13
      13
      13
      13
      13
      13
      13
      13
      13
      13
      13
      13
      13
      13
      13
      13
      13
      13
      13
      13
      13
      13
      13
      13
      13
      13
      13
      13
      13
      13
      13
      13
      13
      13
      13
      13
      13
      13
      13
      13
      13
      13
      13
      13
      13
      13
      13
      13
      13
      13
      13
      13
      13
      13
      13
63272973
42209293
73728013
42250253
63252493
42219533
73717773
42209293
73748493
42209293
31723533
63232013
42188813
52705293
42280973
42240013
52756493
42260493
31713293
73738253
63191053
31713293
94760973
42301453
31754253
42219533
42219533
52736013
52756493
31733773
31774733
42250253
63252493
42229773
42270733
63211533
94730253
31754253
63242253
31764493
31774733
42240013
73768973
42260493
63293453
42250253
63232013
42260493
63313933
42209293
52756493
42291213
31733773
52756493
52797453
31764493
31764493
42240013
42270733
42291213
31764493
42270733
42270733
42270733
      14
      14
      14
      14
      14
      14
      14
      14
      14
      14
      14
      14
      14
      14
      14
      14
      14
      14
      14
      14
      14
      14
      14
      14
      14
      14
      14
      14
      14
      14
      14
      14
      14
      14
      14
      14
      14
      14
      14
      14
      14
      14
      14
      14
      14
      14
      14
      14
      14
      14
      14
      14
      14
      14
      14
      14
      14
      14
      14
      14
      14
      14
      14
      14
52715534
52746254
52705294
42219534
73738254
42209294
63232014
73707534
63252494
63211534
63221774
52746254
73758734
42209294
42219534
52756494
63232014
42219534
42219534
42199054
63232014
42209294
42240014
42260494
21258254
63252494
63221774
42250254
42260494
52746254
42240014
31774734
84244494
52746254
31764494
42229774
52715534
42260494
31784974
42240014
63242254
31784974
42229774
52736014
31713294
42240014
42229774
42240014
42250254
52766734
31764494
52766734
31713294
42250254
31754254
42229774
42229774
31744014
42240014
42270734
52766734
52797454
42260494
73850894
      15
      15
      15
      15
      15
      15
      15
      15
      15
      15
      15
      15
      15
      15
      15
      15
      15
      15
      15
      15
      15
      15
      15
      15
      15
      15
      15
      15
      15
      15
      15
      15
      15
      15
      15
      15
      15
      15
      15
      15
      15
      15
      15
      15
      15
      15
      15
      15
      15
      15
      15
      15
      15
      15
      15
      15
      15
      15
      15
      15
      15
      15
      15
      15
42209295
42199055
52746255
63221775
42270735
63221775
42260495
52715535
42240015
52756495
42270735
105195535
42219535
42209295
52705295
63232015
52715535
31713295
42240015
31682575
63221775
52684815
42260495
31754255
63252495
42229775
42240015
52736015
42270735
52705295
52766735
52766735
42270735
63221775
42240015
63201295
63232015
52766735
52746255
94781455
52756495
52736015
52736015
63262735
31733775
31774735
52766735
63252495
52787215
42260495
52746255
42250255
31795215
42260495
42240015
52746255
42280975
42280975
52715535
52787215
31754255
42219535
42219535
31744015
      16
      16
      16
      16
      16
      16
      16
      16
      16
      16
      16
      16
      16
      16
      16
      16
      16
      16
      16
      16
      16
      16
      16
      16
      16
      16
      16
      16
      16
      16
      16
      16
      16
      16
      16
      16
      16
      16
      16
      16
      16
      16
      16
      16
      16
      16
      16
      16
      16
      16
      16
      16
      16
      16
      16
      16
      16
      16
      16
      16
      16
      16
      16
      16
42240016
42188816
52746256
52736016
42260496
31703056
42240016
42240016
52736016
52715536
52766736
42219536
31744016
31713296
73697296
63232016
42291216
42199056
52756496
31744016
31733776
63191056
42229776
31703056
42260496
52736016
42250256
42240016
73728016
31744016
31764496
31723536
52776976
31733776
42250256
52725776
84254736
42219536
31733776
42219536
52766736
42250256
42260496
42270736
63232016
42250256
42260496
52756496
31764496
31795216
52787216
52766736
73738256
63303696
31805456
42270736
42260496
52746256
73789456
42250256
63252496
42229776
31744016
52756496
      17
      17
      17
      17
      17
      17
      17
      17
      17
      17
      17
      17
      17
      17
      17
      17
      17
      17
      17
      17
      17
      17
      17
      17
      17
      17
      17
      17
      17
      17
      17
      17
      17
      17
      17
      17
      17
      17
      17
      17
      17
      17
      17
      17
      17
      17
      17
      17
      17
      17
      17
      17
      17
      17
      17
      17
      17
      17
      17
      17
      17
      17
      17
      17
63221777
42209297
31733777
52725777
42199057
42209297
31713297
52736017
63262737
52756497
52725777
42219537
52736017
42229777
84244497
52705297
63191057
52684817
31723537
42219537
52684817
73707537
84203537
31733777
31733777
31703057
52766737
42260497
31723537
42209297
31754257
31733777
31744017
42250257
42280977
42270737
42260497
31784977
42240017
63252497
52725777
42250257
42260497
42250257
52766737
73799697
52766737
42250257
31774737
21258257
52766737
31784977
52756497
31733777
42229777
31723537
63262737
42260497
31825937
31733777
42219537
31754257
42280977
42270737
      18
      18
      18
      18
      18
      18
      18
      18
      18
      18
      18
      18
      18
      18
      18
      18
      18
      18
      18
      18
      18
      18
      18
      18
      18
      18
      18
      18
      18
      18
      18
      18
      18
      18
      18
      18
      18
      18
      18
      18
      18
      18
      18
      18
      18
      18
      18
      18
      18
      18
      18
      18
      18
      18
      18
      18
      18
      18
      18
      18
      18
      18
      18
      18
52725778
42229778
31744018
52746258
73738258
52705298
115763218
73717778
42229778
42260498
31754258
31713298
63201298
63232018
84224018
31744018
31733778
31733778
52756498
42250258
42219538
73717778
42240018
73748498
31744018
63232018
52746258
73717778
63262738
31713298
84264978
52756498
42219538
63262738
42240018
42209298
52736018
73758738
52787218
52725778
31733778
42260498
42270738
84224018
31723538
31723538
42270738
52715538
42270738
42240018
31733778
31764498
63272978
52705298
52756498
31764498
42260498
42250258
52756498
31744018
42229778
42321938
84275218
63272978
      19
      19
      19
      19
      19
      19
      19
      19
      19
      19
      19
      19
      19
      19
      19
      19
      19
      19
      19
      19
      19
      19
      19
      19
      19
      19
      19
      19
      19
      19
      19
      19
      19
      19
      19
      19
      19
      19
      19
      19
      19
      19
      19
      19
      19
      19
      19
      19
      19
      19
      19
      19
      19
      19
      19
      19
      19
      19
      19
      19
      19
      19
      19
      19
42209299
42199059
52695059
73738259
42240019
42209299
42229779
42250259
52715539
73728019
42219539
52746259
52766739
42188819
52736019
52736019
52746259
63211539
52725779
63252499
52756499
42270739
52736019
42260499
42229779
115732499
42291219
42260499
52756499
42219539
42219539
52725779
31744019
52766739
42229779
42291219
63262739
42219539
63221779
52787219
31744019
42240019
52787219
42240019
42240019
42240019
52715539
42250259
31774739
42209299
31754259
31723539
42291219
42270739
31723539
31795219
42270739
31733779
52766739
73748499
52766739
31744019
42250259
52746259
      20
      20
      20
      20
      20
      20
      20
      20
      20
      20
      20
      20
      20
      20
      20
      20
      20
      20
      20
      20
      20
      20
      20
      20
      20
      20
      20
      20
      20
      20
      20
      20
      20
      20
      20
      20
      20
      20
      20
      20
      20
      20
      20
      20
      20
      20
      20
      20
      20
      20
      20
      20
      20
      20
      20
      20
      20
      20
      20
      20
      20
      20
      20
      20
31733780
42199060
42209300
31754260
94709780
42250260
52715540
63201300
94689300
42260500
52715540
73758740
94720020
52756500
42219540
42229780
42199060
52746260
63211540
42209300
31733780
42219540
42229780
42209300
42270740
42229780
42219540
31713300
73738260
52715540
31733780
63283220
42250260
42260500
52736020
52736020
52756500
52736020
42270740
31733780
42240020
42240020
73738260
42260500
63272980
31764500
52766740
52725780
63293460
31784980
42250260
42240020
42291220
31733780
84264980
31764500
42280980
42240020
31764500
42270740
42240020
42270740
52766740
31764500
      21
      21
      21
      21
      21
      21
      21
      21
      21
      21
      21
      21
      21
      21
      21
      21
      21
      21
      21
      21
      21
      21
      21
      21
      21
      21
      21
      21
      21
      21
      21
      21
      21
      21
      21
      21
      21
      21
      21
      21
      21
      21
      21
      21
      21
      21
      21
      21
      21
      21
      21
      21
      21
      21
      21
      21
      21
      21
      21
      21
      21
      21
      21
      21
52695061
42260501
42219541
63201301
42188821
42250261
31733781
84203541
52746261
42199061
52705301
31733781
94668821
63232021
84234261
42229781
42219541
42250261
42229781
52746261
42209301
52715541
42250261
42209301
63262741
42188821
42219541
42209301
52695061
73758741
42199061
42229781
73820181
63252501
52695061
52807701
42250261
31795221
52725781
42250261
52715541
42260501
42240021
73758741
84285461
63262741
42250261
42280981
42229781
42240021
42250261
42280981
42280981
31723541
63252501
31723541
42250261
52756501
42270741
42250261
42301461
31754261
52766741
31723541
      22
      22
      22
      22
      22
      22
      22
      22
      22
      22
      22
      22
      22
      22
      22
      22
      22
      22
      22
      22
      22
      22
      22
      22
      22
      22
      22
      22
      22
      22
      22
      22
      22
      22
      22
      22
      22
      22
      22
      22
      22
      22
      22
      22
      22
      22
      22
      22
      22
      22
      22
      22
      22
      22
      22
      22
      22
      22
      22
      22
      22
      22
      22
      22
63242262
42229782
52695062
63232022
52684822
31713302
52746262
52705302
42240022
52787222
31692822
63211542
84213782
42240022
42240022
42240022
52736022
63211542
84213782
31723542
52736022
42240022
52715542
31713302
42240022
52746262
42229782
52725782
52766742
52705302
52776982
63221782
52736022
63242262
52725782
52766742
42240022
31774742
31733782
73789462
42229782
42270742
52756502
31754262
42260502
52746262
52725782
42270742
31805462
31784982
52725782
52787222
63252502
42291222
31754262
42291222
42280982
63283222
52736022
52787222
42250262
84326422
31774742
42260502
      23
      23
      23
      23
      23
      23
      23
      23
      23
      23
      23
      23
      23
      23
      23
      23
      23
      23
      23
      23
      23
      23
      23
      23
      23
      23
      23
      23
      23
      23
      23
      23
      23
      23
      23
      23
      23
      23
      23
      23
      23
      23
      23
      23
      23
      23
      23
      23
      23
      23
      23
      23
      23
      23
      23
      23
      23
      23
      23
      23
      23
      23
      23
      23
84213783
136632343
126218263
52725783
52725783
52736023
52756503
63221783
31764503
42270743
42250263
31744023
42240023
63232023
31723543
73728023
63252503
126208023
73748503
42240023
42260503
73758743
31764503
52756503
63221783
42270743
52736023
42229783
63211543
31723543
52736023
42229783
52776983
42260503
42270743
52746263
42229783
42270743
42301463
42240023
52736023
52787223
52787223
42229783
52736023
31744023
31733783
31774743
42260503
42240023
31754263
31784983
73748503
31774743
31764503
31733783
42260503
42260503
63221783
42260503
42270743
52776983
52776983
42219543
      24
      24
      24
      24
      24
      24
      24
      24
      24
      24
      24
      24
      24
      24
      24
      24
      24
      24
      24
      24
      24
      24
      24
      24
      24
      24
      24
      24
      24
      24
      24
      24
      24
      24
      24
      24
      24
      24
      24
      24
      24
      24
      24
      24
      24
      24
      24
      24
      24
      24
      24
      24
      24
      24
      24
      24
      24
      24
      24
      24
      24
      24
      24
      24
63211544
31713304
94750744
63211544
73697304
52715544
73717784
63201304
52736024
52725784
42219544
63252504
63221784
42229784
136714264
52684824
63221784
52736024
52787224
84244504
52776984
52746264
42229784
42260504
42260504
42229784
42260504
52746264
52797464
63191064
42291224
52756504
52725784
52746264
42219544
42250264
63283224
42270744
42240024
52715544
84203544
42219544
105236504
42240024
52766744
42301464
52746264
63262744
63252504
63293464
42250264
31744024
63272984
42240024
31733784
52766744
42260504
31744024
31733784
31754264
63313944
42250264
105308184
31795224
      25
      25
      25
      25
      25
      25
      25
      25
      25
      25
      25
      25
      25
      25
      25
      25
      25
      25
      25
      25
      25
      25
      25
      25
      25
      25
      25
      25
      25
      25
      25
      25
      25
      25
      25
      25
      25
      25
      25
      25
      25
      25
      25
      25
      25
      25
      25
      25
      25
      25
      25
      25
      25
      25
      25
      25
      25
      25
      25
      25
      25
      25
      25
      25
42219545
42219545
42209305
31723545
52725785
84213785
42219545
42209305
31754265
52746265
73707545
52766745
52736025
42229785
52736025
42209305
63201305
52776985
42240025
31733785
42229785
84234265
52766745
31754265
52756505
52715545
52705305
52736025
42229785
52705305
31815705
42240025
52756505
42219545
31754265
52695065
73738265
52736025
63313945
73728025
31733785
52787225
52756505
31774745
63272985
42240025
84316185
42270745
31774745
42209305
31733785
63242265
73728025
73768985
31733785
42209305
31754265
63262745
31764505
52746265
42240025
42260505
42229785
42291225
      26
      26
      26
      26
      26
      26
      26
      26
      26
      26
      26
      26
      26
      26
      26
      26
      26
      26
      26
      26
      26
      26
      26
      26
      26
      26
      26
      26
      26
      26
      26
      26
      26
      26
      26
      26
      26
      26
      26
      26
      26
      26
      26
      26
      26
      26
      26
      26
      26
      26
      26
      26
      26
      26
      26
      26
      26
      26
      26
      26
      26
      26
      26
      26
52695066
42199066
73717786
52746266
52715546
63242266
52725786
42240026
63232026
31703066
63211546
63211546
63211546
52725786
42250266
63201306
63272986
42250266
31733786
94709786
94689306
52715546
31713306
73697306
42229786
31692826
42240026
63221786
126177306
42229786
31733786
63232026
52715546
73789466
42199066
63221786
73738266
94720026
42229786
31774746
42240026
31703066
63252506
42229786
52766746
42260506
52736026
52746266
84254746
42209306
84234266
31754266
52756506
31754266
94740506
42229786
52736026
42291226
42240026
52776986
73768986
52736026
52746266
42219546
      27
      27
      27
      27
      27
      27
      27
      27
      27
      27
      27
      27
      27
      27
      27
      27
      27
      27
      27
      27
      27
      27
      27
      27
      27
      27
      27
      27
      27
      27
      27
      27
      27
      27
      27
      27
      27
      27
      27
      27
      27
      27
      27
      27
      27
      27
      27
      27
      27
      27
      27
      27
      27
      27
      27
      27
      27
      27
      27
      27
      27
      27
      27
      27
73707547
52715547
63221787
52736027
42270747
42240027
31754267
52736027
63242267
63232027
42250267
42209307
42209307
42250267
42240027
63252507
94750747
42209307
31703067
52705307
73728027
42209307
31733787
52705307
42229787
42229787
42188827
73728027
42250267
31713307
52736027
42260507
42240027
52756507
31713307
52705307
63252507
42229787
42229787
42229787
42291227
42240027
63252507
52776987
42219547
42240027
52756507
42240027
31754267
52746267
52725787
42291227
63221787
63232027
73789467
42301467
31774747
42240027
52715547
42240027
73789467
63211547
42260507
42270747
      28
      28
      28
      28
      28
      28
      28
      28
      28
      28
      28
      28
      28
      28
      28
      28
      28
      28
      28
      28
      28
      28
      28
      28
      28
      28
      28
      28
      28
      28
      28
      28
      28
      28
      28
      28
      28
      28
      28
      28
      28
      28
      28
      28
      28
      28
      28
      28
      28
      28
      28
      28
      28
      28
      28
      28
      28
      28
      28
      28
      28
      28
      28
      28
31744028
84183068
52715548
42219548
73728028
52736028
73758748
42229788
42250268
31682588
42229788
73728028
63221788
73738268
42219548
42260508
52715548
52746268
42219548
31733788
52725788
52725788
105205788
42229788
31723548
52715548
52715548
63201308
52736028
63221788
52725788
42219548
63272988
52705308
73728028
31723548
52776988
42250268
42209308
52756508
42270748
52746268
52756508
42250268
31733788
42240028
31764508
73738268
42270748
42219548
42260508
42219548
73748508
42229788
52746268
31733788
42260508
52766748
52766748
42260508
31744028
52787228
42250268
52756508
      29
      29
      29
      29
      29
      29
      29
      29
      29
      29
      29
      29
      29
      29
      29
      29
      29
      29
      29
      29
      29
      29
      29
      29
      29
      29
      29
      29
      29
      29
      29
      29
      29
      29
      29
      29
      29
      29
      29
      29
      29
      29
      29
      29
      29
      29
      29
      29
      29
      29
      29
      29
      29
      29
      29
      29
      29
      29
      29
      29
      29
      29
      29
      29
94760989
52725789
31754269
52725789
42250269
63221789
42188829
63201309
63272989
42250269
31692829
63242269
31754269
42209309
42229789
63242269
52736029
42219549
31744029
42250269
31754269
42260509
73697309
84224029
31744029
52695069
42229789
126238749
42260509
31723549
63211549
52746269
52736029
73758749
42250269
84224029
73728029
42250269
31723549
52736029
73707549
31692829
31733789
52736029
52705309
42240029
42240029
42260509
63293469
42270749
42229789
42250269
42250269
52736029
42270749
63221789
52715549
52746269
42260509
42260509
42260509
73779229
42240029
52766749
      30
      30
      30
      30
      30
      30
      30
      30
      30
      30
      30
      30
      30
      30
      30
      30
      30
      30
      30
      30
      30
      30
      30
      30
      30
      30
      30
      30
      30
      30
      30
      30
      30
      30
      30
      30
      30
      30
      30
      30
      30
      30
      30
      30
      30
      30
      30
      30
      30
      30
      30
      30
      30
      30
      30
      30
      30
      30
      30
      30
      30
      30
      30
      30
52684830
52746270
52715550
31754270
105236510
63252510
42209310
42240030
63201310
42250270
73687070
63252510
73738270
52695070
31713310
42260510
42229790
42229790
73707550
52776990
42199070
52746270
42260510
42250270
52715550
52736030
31692830
31692830
52715550
52736030
42219550
52787230
42229790
31723550
31733790
31713310
42240030
52725790
31682590
63242270
42250270
63232030
42240030
31744030
63232030
52746270
52736030
31713310
42229790
52766750
42209310
52776990
52725790
52746270
73728030
63252510
42209310
42260510
42229790
52715550
63262750
42250270
73717790
52756510
      31
      31
      31
      31
      31
      31
      31
      31
      31
      31
      31
      31
      31
      31
      31
      31
      31
      31
      31
      31
      31
      31
      31
      31
      31
      31
      31
      31
      31
      31
      31
      31
      31
      31
      31
      31
      31
      31
      31
      31
      31
      31
      31
      31
      31
      31
      31
      31
      31
      31
      31
      31
      31
      31
      31
      31
      31
      31
      31
      31
      31
      31
      31
      31
52736031
42240031
73728031
52746271
52776991
42209311
52746271
63242271
63252511
52715551
52736031
63211551
52736031
105246751
42229791
42229791
63252511
42199071
52695071
52766751
42250271
52746271
31733791
63232031
63272991
42209311
31713311
52736031
42209311
84285471
63201311
52705311
73717791
52756511
42260511
63221791
52746271
42240031
63211551
31774751
63201311
42229791
42219551
84224031
63252511
42260511
52746271
42229791
63211551
42229791
42219551
42260511
42229791
42229791
52725791
52807711
42199071
94689311
52756511
52766751
31723551
31733791
52705311
52736031
