94648320
73687040
73666560
63211520
73676800
84193280
63201280
73676800
73697280
52674560
52695040
73666560
52695040
63191040
42199040
63201280
42188800
42199040
73687040
73697280
52715520
42209280
94638080
52664320
84193280
63252480
42199040
52695040
52695040
52736000
84203520
42209280
63180800
178698240
73697280
63201280
52695040
42240000
84213760
52705280
31733760
42209280
63191040
84234240
63211520
63232000
84213760
42229760
63232000
52736000
52766720
42209280
63242240
63211520
52736000
63201280
42240000
42240000
52736000
52746240
42209280
63221760
52695040
42219520
63252480
42229760
52736000
63211520
94740480
52736000
63242240
73779200
31713280
42229760
52766720
42240000
42250240
31744000
42280960
42229760
31774720
52746240
42280960
31733760
63242240
52736000
42260480
42280960
31744000
42260480
42229760
42250240
73789440
63313920
42260480
42270720
31764480
52756480
42240000
42240000
63242240
63272960
42250240
42240000
42270720
52797440
31774720
42280960
31784960
52746240
52776960
63221760
42240000
42270720
42250240
73768960
52725760
73789440
42229760
63252480
73728000
52766720
42209280
42229760
63272960
42260480
42250240
52787200
42209281
42209281
63150081
42168321
94668801
52715521
84193281
52705281
42178561
63180801
63180801
52695041
42188801
73676801
52684801
42219521
63180801
73687041
52705281
42209281
52684801
63191041
63221761
42199041
52695041
52695041
94699521
94648321
42199041
42199041
42240001
42260481
52705281
42199041
42188801
52695041
63201281
42209281
63252481
63221761
42219521
63191041
52725761
52736001
63211521
63201281
115712001
52736001
52715521
63232001
63211521
52746241
94771201
42199041
52746241
73728001
84254721
73768961
73758721
52725761
63242241
42219521
42250241
31754241
42219521
52787201
42199041
73768961
42240001
115712001
42219521
52736001
31713281
42219521
52756481
63272961
42301441
42260481
42209281
42209281
42250241
52756481
52756481
63283201
63242241
42250241
42240001
31764481
52787201
63293441
42240001
42311681
63242241
73728001
42270721
42270721
31764481
42270721
31784961
42291201
42240001
84285441
42250241
42260481
52746241
42260481
31764481
63293441
42260481
42250241
42260481
52715521
52736001
42240001
52797441
63252481
63272961
31764481
31754241
31713281
63242241
42270721
42229761
31754241
42291201
52715521
73789441
52807681
42188802
63201282
42188802
94709762
73728002
63232002
84152322
63180802
63191042
52695042
73717762
52643842
63150082
42229762
63170562
52684802
63191042
84183042
63170562
52705282
63180802
52684802
52715522
42209282
42188802
52705282
42188802
42229762
52715522
42240002
84183042
52705282
42188802
52684802
63211522
42188802
42229762
42188802
42209282
42178562
52695042
52705282
73728002
31713282
42199042
42209282
94720002
52715522
63232002
73707522
42229762
42250242
94709762
52776962
63221762
42209282
42270722
42260482
63262722
42219522
52766722
63232002
52736002
63201282
31733762
52736002
31733762
42260482
42199042
52705282
63221762
52766722
52756482
42240002
42219522
42280962
42240002
42250242
42229762
63242242
52684802
52746242
31764482
42240002
52756482
42229762
42240002
52787202
52715522
73748482
52756482
31713282
42270722
42250242
52776962
52766722
42301442
42219522
42270722
42270722
52797442
42260482
42260482
42260482
42270722
52766722
42229762
52787202
63262722
42270722
52736002
84275202
31754242
42270722
42270722
52746242
52756482
31733762
42240002
42270722
42250242
63242242
31733762
42250242
52766722
31774722
42260482
52797442
84193283
63180803
52674563
63180803
115712003
168089603
94699523
63201283
63211523
52684803
42209283
84203523
84213763
52756483
63211523
42219523
84224003
52695043
42199043
42188803
52695043
52674563
52705283
105144323
73717763
52715523
42178563
63170563
52684803
52695043
42188803
52715523
63180803
73676803
63191043
147159043
42219523
63191043
63221763
73748483
52725763
42199043
52715523
52715523
31703043
84234243
52746243
42188803
42219523
52756483
52705283
52695043
84234243
42240003
42199043
42250243
73779203
63252483
42240003
42219523
52776963
52725763
31733763
52725763
84244483
42219523
31723523
52736003
31713283
63221763
63252483
42209283
94771203
42260483
42270723
73768963
63232003
42240003
63242243
42229763
52756483
84234243
52776963
63262723
31733763
42280963
31754243
52736003
42240003
31703043
52715523
42250243
52766723
73748483
31754243
42270723
31784963
31733763
31764483
42250243
42260483
42240003
42280963
42260483
63242243
42219523
42280963
42199043
63293443
52776963
52807683
42301443
52776963
42270723
52766723
63262723
42250243
42240003
31774723
42250243
63272963
63272963
52766723
31754243
42240003
31764483
63283203
52766723
52695044
63191044
63191044
73666564
52674564
63160324
63221764
52756484
52654084
52715524
63170564
63201284
94648324
52746244
42219524
42209284
52695044
52715524
52715524
42178564
52695044
52705284
52674564
42178564
52705284
52695044
42199044
31713284
42240004
63201284
42199044
42188804
42219524
63272964
52695044
42209284
42229764
52705284
73738244
42260484
42209284
42199044
63211524
42240004
63191044
52705284
42229764
52715524
31723524
52715524
42209284
52715524
42188804
63252484
42229764
42250244
84285444
42229764
42260484
63221764
42229764
63272964
42260484
42178564
52766724
52715524
42240004
42219524
42229764
52746244
52736004
73758724
52715524
52736004
31744004
52736004
52746244
52766724
73738244
42240004
42240004
63221764
42250244
42260484
42229764
84326404
52725764
63232004
63242244
31754244
31723524
42280964
73748484
52797444
42250244
42229764
52725764
31744004
52746244
31744004
63272964
52766724
73779204
84285444
63272964
42270724
42250244
31744004
31754244
52746244
31774724
31764484
42209284
42240004
52736004
52776964
31744004
52766724
52736004
31723524
42260484
52766724
52725764
42280964
63303684
31764484
42280964
63283204
52695045
63221765
94658565
42188805
94648325
52725765
105185285
42219525
63150085
63170565
52674565
52705285
105226245
52684805
42240005
42199045
42188805
42199045
63180805
42188805
63180805
63221765
52715525
73676805
52725765
52684805
52695045
42229765
52715525
84193285
63211525
73728005
63211525
84213765
31703045
42229765
42199045
84224005
52746245
52715525
52746245
42219525
73717765
42209285
84193285
42188805
42209285
42188805
42199045
52695045
31733765
31713285
42229765
52715525
52705285
73697285
31764485
73728005
42229765
42240005
42209285
42260485
42250245
42209285
42199045
42199045
42219525
42240005
52725765
42219525
31713285
63211525
42209285
73748485
52736005
31733765
52736005
42219525
94730245
52746245
42250245
42240005
52776965
52736005
63232005
52766725
42240005
42229765
63232005
42229765
31713285
42229765
42291205
52797445
42219525
73728005
52736005
42240005
31744005
42240005
31713285
63252485
31744005
42240005
42240005
42291205
42270725
31764485
31754245
31733765
63272965
42280965
31764485
31764485
52756485
52797445
31784965
63221765
52756485
42260485
42250245
31784965
52776965
42291205
52746245
31733765
52746245
63262725
73666566
52633606
42178566
52674566
73676806
52684806
73646086
73697286
105175046
73666566
63180806
115681286
52654086
63191046
52705286
94679046
31713286
42178566
52705286
52664326
42188806
84172806
63201286
42199046
42209286
52695046
42199046
52695046
63170566
63221766
52705286
52695046
42178566
52715526
42209286
94740486
73728006
52684806
105226246
52684806
84234246
42178566
42229766
63242246
42178566
42199046
63232006
52695046
42219526
73768966
52715526
63211526
52756486
31713286
31754246
63252486
52695046
42209286
42250246
42250246
42199046
63221766
52746246
42209286
52715526
31764486
52746246
42229766
31703046
63211526
42260486
52725766
52715526
52715526
42209286
31744006
42240006
42240006
31744006
73728006
42240006
73738246
31744006
52695046
31744006
63262726
84275206
42260486
42199046
31754246
42219526
42229766
73748486
52797446
63252486
31754246
52736006
42219526
42250246
42280966
31713286
31744006
42229766
31764486
42270726
73758726
42250246
42229766
52787206
42260486
42260486
52776966
31764486
31805446
31784966
63344646
52766726
52756486
31754246
31774726
52746246
52787206
42250246
42280966
42250246
52787206
52766726
63262726
52674567
84172807
52664327
84172807
52684807
126156807
73707527
63139847
42168327
52674567
52664327
147210247
52705287
52705287
63170567
63191047
42168327
52705287
52674567
42168327
52654087
42199047
52674567
42188807
52705287
52674567
52725767
63201287
84254727
63201287
84183047
94709767
52725767
63211527
42229767
52674567
42178567
52715527
52715527
63221767
42229767
52725767
42229767
42229767
73717767
42209287
42240007
42209287
42240007
73738247
42219527
42250247
52736007
31723527
73687047
52746247
31723527
52736007
42178567
52725767
42219527
42178567
63272967
31733767
52725767
42260487
105256967
63211527
52746247
52746247
52736007
42219527
63252487
52736007
52725767
42260487
31713287
52736007
42250247
31744007
52725767
42250247
52736007
42229767
52725767
42250247
52705287
42260487
31764487
42219527
31713287
42229767
73789447
42219527
73779207
42240007
31774727
52766727
31754247
42260487
31774727
42219527
31723527
42229767
63252487
42219527
42240007
31723527
31754247
42240007
31774727
31764487
52756487
42240007
42229767
31744007
52756487
52766727
52756487
84285447
63262727
42240007
63303687
31764487
31744007
42311687
42280967
52817927
126105608
63150088
52705288
126187528
115650568
73656328
52725768
42178568
73697288
52695048
73687048
73707528
84193288
63201288
73687048
52746248
105123848
63160328
84172808
73687048
52664328
63150088
136632328
42229768
52705288
73707528
52674568
84193288
42188808
52746248
63232008
63201288
52715528
63170568
42188808
73666568
73738248
42229768
52684808
52684808
73738248
115681288
31744008
63221768
42199048
42260488
73717768
31713288
73748488
73717768
31703048
52725768
42209288
63242248
42229768
73728008
42188808
63242248
73717768
42229768
63272968
31703048
31692808
31723528
63221768
52725768
73748488
42250248
42250248
31733768
42229768
42188808
52776968
42229768
42219528
52746248
52736008
63232008
42270728
52797448
42219528
42209288
63262728
52725768
42240008
42229768
73768968
52736008
31723528
31723528
42240008
31764488
31723528
42229768
73768968
42229768
52756488
42229768
63283208
52756488
52756488
63232008
52766728
31733768
52766728
42250248
31764488
42250248
63262728
52736008
42291208
31784968
63252488
63262728
42291208
73809928
42291208
42250248
42311688
42260488
52817928
31774728
42240008
73768968
42250248
42270728
31795208
42280968
52654089
63139849
94699529
63160329
52654089
42168329
105185289
84183049
84162569
52643849
42178569
52695049
73697289
63170569
52654089
94679049
52664329
52684809
52684809
63201289
52715529
63180809
115660809
52715529
73666569
63180809
63191049
31713289
42168329
94699529
73656329
63201289
52654089
84193289
63221769
52725769
52705289
52684809
63232009
42199049
42199049
73717769
31692809
52725769
52705289
63201289
52695049
52736009
42209289
42219529
52756489
42219529
42188809
63242249
52756489
52725769
42188809
42229769
31703049
73728009
42250249
52695049
31764489
42260489
63180809
52725769
42229769
42188809
42270729
52725769
84264969
42219529
63242249
42250249
52705289
52736009
31733769
31733769
31774729
52705289
52715529
42250249
42270729
42260489
42219529
31733769
42240009
31733769
52766729
52766729
42260489
42219529
73717769
52756489
42250249
105236489
31754249
31754249
42240009
42260489
63303689
42250249
52756489
52756489
52858889
42270729
31733769
63221769
42280969
31744009
31733769
42250249
63242249
31764489
73809929
42229769
31774729
52817929
42250249
63283209
42270729
63283209
42280969
52776969
31754249
52766729
52797449
42250249
105185290
63170570
126136330
63160330
73666570
63129610
63201290
94699530
63150090
73687050
94648330
52684810
84142090
42178570
84244490
52705290
63221770
73697290
115660810
52705290
52715530
73666570
42188810
42199050
52695050
52664330
94730250
73687050
42209290
84183050
42219530
63170570
42219530
73717770
42209290
52695050
63191050
42229770
42250250
42229770
52715530
42168330
63201290
42199050
63252490
73707530
52725770
31703050
42240010
94699530
63201290
52715530
42209290
63221770
42229770
52705290
52695050
63232010
42240010
42219530
73738250
52746250
31733770
31703050
136744970
147240970
52736010
42229770
42219530
31723530
52746250
42229770
52715530
52746250
42219530
31692810
42240010
31744010
52746250
52746250
52725770
42240010
42240010
52817930
42240010
84254730
31744010
31795210
52766730
63242250
63262730
42250250
31744010
42270730
42250250
52776970
42260490
84285450
63293450
42270730
31733770
31784970
63262730
42209290
63262730
52756490
42280970
42240010
31784970
52756490
42250250
31795210
52756490
31754250
73768970
42280970
42270730
73768970
31754250
31774730
31744010
31774730
42291210
52807690
31764490
42270730
31754250
42270730
73646091
73615371
126136331
63180811
63201291
63150091
73666571
42199051
63180811
115671051
52684811
52674571
52684811
63201291
94648331
63170571
52695051
84162571
52725771
52684811
63201291
52674571
63221771
52715531
52705291
42199051
73717771
42219531
73697291
52684811
42188811
73687051
84203531
84203531
52705291
52725771
31713291
84172811
52725771
84183051
52705291
63232011
42240011
73697291
63191051
42229771
63242251
31703051
52725771
42188811
84244491
42188811
31713291
52715531
31703051
42199051
84193291
52725771
42229771
52725771
42250251
52756491
84224011
42209291
42240011
42219531
31733771
52715531
42219531
42240011
42229771
31723531
31692811
52736011
31733771
52756491
42178571
42219531
42250251
52715531
31723531
52746251
42260491
42260491
31744011
42250251
42270731
42240011
31713291
42260491
63252491
52756491
52736011
31733771
31744011
42270731
42260491
42199051
42240011
52736011
42270731
42260491
42240011
31754251
42270731
52736011
31774731
42219531
42209291
42260491
42250251
52746251
63272971
42270731
42291211
42260491
31764491
63272971
31764491
63272971
52756491
52787211
31754251
31764491
42260491
42219531
42260491
42229771
63170572
52664332
94679052
63150092
73646092
52643852
52664332
63170572
147200012
63180812
52664332
84152332
52674572
84183052
84162572
52684812
63232012
63201292
52674572
42209292
84162572
115660812
52674572
94679052
52674572
52695052
52674572
52674572
63201292
73656332
42199052
63221772
147189772
63221772
42209292
63232012
63242252
63262732
94699532
94699532
105185292
84234252
52695052
31713292
42188812
42188812
52746252
73707532
42240012
84183052
42178572
31723532
94679052
63211532
42199052
42188812
63232012
31723532
52715532
42250252
42199052
31733772
42209292
52746252
73738252
52705292
42219532
63232012
73687052
42219532
42229772
31723532
52736012
42199052
52766732
42209292
42178572
52736012
42240012
31733772
63221772
31692812
52705292
42229772
52746252
63232012
73728012
63293452
52746252
73738252
42209292
52725772
42240012
31754252
42260492
31774732
42250252
42270732
73820172
42219532
73707532
31744012
42209292
42260492
42260492
52776972
42250252
42209292
42301452
42219532
42260492
52766732
31764492
31733772
42229772
42199052
31723532
31774732
31795212
52746252
42260492
42250252
42250252
42280972
42229772
52787212
21227532
31744012
84172813
63211533
52654093
73635853
105164813
84172813
63191053
73635853
42168333
63139853
52715533
52674573
73717773
52684813
73707533
73687053
94658573
52654093
73687053
63201293
73707533
63201293
52684813
73697293
42178573
63160333
94679053
73687053
63191053
42209293
63180813
63211533
63170573
63160333
73635853
42178573
52684813
42199053
63191053
42199053
42199053
84172813
63211533
42168333
63201293
63232013
42240013
42240013
52705293
42229773
52725773
42219533
42219533
42219533
42168333
42219533
73738253
52725773
42219533
31703053
73758733
52695053
31682573
42209293
52787213
52695053
73728013
42250253
73738253
42219533
73717773
52695053
73748493
42209293
42209293
52736013
31703053
52705293
42280973
42240013
52756493
42240013
31713293
73738253
63191053
31713293
105246733
42301453
31754253
31733773
31733773
52736013
52756493
42219533
31774733
42250253
73738253
42229773
42270733
63201293
94730253
31744013
63252493
31764493
42260493
31754253
73768973
42260493
63293453
42250253
63232013
42260493
63303693
31723533
52756493
42291213
31733773
52756493
52797453
31754253
31764493
42240013
52756493
42301453
31764493
42270733
42270733
42270733
52684814
105185294
52643854
52664334
115630094
63160334
63170574
73666574
84162574
94627854
73646094
84131854
84213774
63129614
73676814
63180814
63160334
52674574
63170574
52674574
63211534
42209294
63180814
42209294
115660814
94689294
73687054
84183054
105134094
52674574
63170574
105175054
63191054
63180814
73666574
52715534
42229774
84203534
42178574
94699534
73666574
52705294
52684814
63201294
63180814
52725774
73717774
63211534
84183054
42219534
31723534
84193294
42188814
52725774
63221774
42229774
63211534
52736014
42178574
42240014
42250254
52705294
31692814
63201294
52715534
52746254
42209294
42219534
73728014
42209294
63232014
73707534
63252494
73697294
52736014
63232014
63272974
42209294
31733774
52756494
52746254
42219534
42219534
42209294
63232014
42209294
42240014
42260494
31744014
63252494
42250254
42250254
31774734
52746254
42250254
31774734
73748494
52746254
31764494
42229774
52715534
42260494
31784974
42240014
63242254
31784974
42229774
42250254
31713294
42240014
42229774
52725774
42250254
52766734
31764494
52766734
31713294
42250254
31754254
42229774
42229774
31733774
42240014
42270734
42280974
52797454
42260494
84336654
84131855
84142095
73646095
52633615
63150095
105164815
94648335
84152335
73676815
73717775
126136335
63170575
42158095
126074895
84183055
63170575
105164815
84142095
42209295
52705295
63160335
136652815
63201295
52705295
63180815
147179535
52643855
63180815
63211535
84203535
63191055
52725775
115681295
73687055
42209295
52715535
94668815
63191055
52715535
42199055
84213775
84193295
52715535
73717775
42240015
42209295
42209295
63180815
42178575
42199055
42209295
63232015
52715535
84213775
105205775
73697295
73676815
52736015
63252495
63201295
42219535
42199055
52725775
42229775
42209295
42209295
52746255
63221775
42270735
63221775
42260495
52715535
52736015
52756495
42270735
94720015
42219535
42209295
52715535
73717775
52715535
31713295
52725775
21196815
63221775
52684815
42260495
31754255
52766735
42229775
42240015
42250255
42270735
52705295
42280975
52766735
42270735
63221775
52725775
52715535
52746255
52766735
42260495
84295695
52756495
52736015
31754255
63272975
31733775
42260495
52766735
52766735
52787215
31784975
42260495
42250255
42270735
42260495
42240015
42260495
42280975
42280975
42229775
52787215
31754255
42229775
42219535
31744015
84142096
73646096
94658576
84172816
84142096
94627856
63150096
52643856
63180816
63160336
73646096
63180816
52664336
84183056
84183056
94668816
94668816
73687056
73656336
94689296
52654096
52705296
84152336
73707536
52715536
73707536
63180816
52684816
52695056
42188816
42178576
63191056
84224016
42168336
63191056
52705296
73666576
115671056
42188816
52684816
63201296
52664336
42188816
63232016
52674576
42188816
52695056
84203536
63201296
105216016
52695056
52736016
63191056
52695056
73758736
42240016
42209296
52695056
63211536
84203536
42240016
52715536
31713296
63160336
42250256
42188816
42260496
42250256
42260496
31703056
42240016
52725776
52736016
52715536
52766736
42219536
31744016
31713296
73697296
63232016
42291216
42199056
52756496
31744016
31733776
63191056
42229776
31703056
42260496
52725776
31764496
42240016
73728016
31733776
31764496
31723536
42291216
31733776
42250256
42240016
73758736
42219536
42219536
42219536
52766736
31774736
42260496
42280976
63232016
31764496
31764496
52756496
31764496
31795216
52787216
42280976
73738256
73789456
31805456
42270736
42260496
42260496
73779216
42250256
52766736
42229776
31744016
52756496
105113617
63150097
126126097
63150097
73676817
73605137
84172817
63191057
94638097
63170577
52705297
52654097
94679057
63191057
63160337
63150097
105164817
63180817
94709777
42188817
63191057
126146577
63180817
63201297
73676817
52715537
63191057
63201297
94679057
52725777
52674577
52695057
52695057
52715537
52674577
105154577
52643857
52684817
42240017
73687057
84193297
52643857
52705297
42168337
42188817
52654097
73748497
52715537
63242257
52725777
73738257
52684817
42199057
63191057
84203537
52674577
73728017
63221777
42219537
31723537
63221777
63221777
42229777
63221777
42240017
42209297
31723537
63211537
42199057
42199057
31713297
52725777
63262737
52756497
52725777
42219537
52736017
52715537
73758737
42219537
52705297
42199057
31723537
42219537
42199057
63211537
94689297
31733777
42219537
31692817
52766737
31774737
31723537
42209297
31754257
31733777
42229777
42250257
42270737
42260497
42260497
31784977
42240017
63252497
52725777
42250257
42260497
42250257
52766737
73799697
42280977
42250257
42260497
21258257
52766737
31784977
63242257
52695057
42229777
31723537
73748497
42260497
31825937
31733777
42219537
31754257
42280977
42270737
73656338
115599378
84131858
63129618
73676818
63150098
73646098
63139858
84183058
84111378
84152338
63180818
52654098
126136338
73646098
105144338
115671058
73666578
52695058
63150098
52705298
52674578
73676818
52725778
84193298
73656338
84162578
63201298
52756498
42199058
42158098
84172818
52674578
52695058
42168338
42219538
42229778
52674578
63232018
63150098
52695058
63191058
84224018
52674578
63211538
42199058
105216018
63201298
42199058
63201298
63232018
42199058
73697298
126156818
42240018
52695058
31754258
63252498
63191058
52674578
31703058
52715538
63211538
52715538
52725778
42229778
42229778
52746258
63242258
52705298
105277458
73717778
31744018
42260498
42229778
31713298
52715538
63232018
84224018
31744018
42229778
31733778
52756498
52736018
42219538
63232018
42240018
73748498
31744018
63232018
52746258
73717778
63262738
31713298
84264978
52756498
42219538
52776978
31754258
42209298
52736018
73758738
42301458
42240018
31733778
42260498
31774738
73738258
31723538
31733778
42260498
42229778
52756498
42240018
31733778
31764498
63272978
42219538
52746258
42240018
42260498
42250258
52756498
31744018
42229778
42321938
73779218
52787218
84131859
105093139
73646099
84162579
94627859
115599379
73687059
52643859
84152339
73646099
73646099
94607379
84152339
73687059
73646099
73697299
52654099
84142099
52654099
52664339
115660819
63191059
63160339
63150099
63201299
63150099
105185299
73707539
63170579
52705299
73697299
52715539
94689299
73717779
73687059
52705299
42219539
42219539
52674579
42178579
42178579
84183059
52695059
73728019
73707539
42229779
73676819
63201299
63221779
42199059
63180819
52695059
52705299
52705299
42219539
52705299
42199059
31703059
73697299
52684819
52725779
73728019
63201299
42209299
42209299
42188819
52695059
73728019
42240019
42209299
31744019
42250259
52715539
63242259
42219539
42260499
52766739
42188819
52736019
52736019
52736019
63211539
52725779
63252499
52756499
42270739
63221779
42260499
42229779
115732499
42291219
42260499
52746259
42219539
42219539
42240019
31744019
52766739
42229779
42291219
63252499
42219539
63221779
52787219
31744019
42240019
52787219
42240019
42250259
42240019
52715539
42250259
31774739
42209299
31744019
31723539
42291219
42270739
31723539
42280979
42270739
42219539
52766739
63252499
42280979
31744019
31764499
52746259
73635860
105113620
52684820
126146580
73656340
115630100
73635860
157603860
94668820
84152340
126126100
84172820
63150100
63201300
73707540
63201300
52674580
73656340
63160340
52684820
73656340
52654100
147107860
94638100
52705300
84172820
52664340
42168340
94689300
73687060
84162580
73656340
63211540
73666580
31703060
115671060
105154580
84203540
94689300
63211540
52674580
73717780
42199060
73687060
63191060
42199060
63170580
63180820
84193300
73687060
52684820
73687060
52684820
42219540
52695060
73666580
52776980
42219540
73738260
42209300
42229780
73707540
73717780
63191060
31733780
42199060
42209300
31764500
94699540
52746260
52715540
63201300
94689300
42260500
52715540
73758740
84224020
52756500
42219540
42229780
42199060
42260500
63211540
42209300
31733780
42219540
42229780
42209300
42270740
42229780
42219540
31703060
73738260
52715540
31733780
63272980
42250260
42260500
52736020
52736020
42260500
52736020
42270740
31733780
42240020
42240020
73738260
42260500
63272980
31764500
52766740
63211540
63293460
31774740
42250260
42240020
52787220
31733780
84264980
31764500
42270740
31754260
31774740
42270740
42240020
31774740
52766740
42250260
73615381
84131861
126136341
63170581
63150101
136632341
84131861
52715541
63160341
84121621
63139861
73656341
63170581
63139861
126136341
84234261
126115861
73687061
63150101
42178581
136581141
63160341
63150101
42219541
63191061
63180821
52674581
63180821
73666581
147159061
94679061
52705301
126156821
42168341
126167061
42168341
52684821
105175061
115650581
42178581
52705301
52715541
42188821
84224021
73707541
63201301
52725781
42188821
52705301
63221781
42199061
115671061
52705301
42209301
52684821
42199061
105216021
42229781
42219541
63221781
42209301
63191061
94689301
52725781
52695061
42260501
42219541
52715541
42188821
42250261
42219541
84203541
52746261
42199061
52705301
31733781
84183061
52746261
73748501
42229781
42219541
42250261
42240021
52746261
42209301
63201301
31764501
42209301
63252501
42188821
42219541
52695061
31723541
84244501
31713301
42229781
73820181
63252501
52695061
52807701
42250261
31795221
42250261
42250261
52715541
52746261
52725781
73758741
84295701
52787221
42250261
31805461
42229781
42240021
31764501
42280981
42280981
31733781
63252501
42209301
31764501
52756501
42270741
42250261
42301461
31754261
52766741
31723541
73666582
73666582
94627862
105113622
84172822
73656342
84121622
94638102
105175062
52664342
94648342
94627862
73646102
52633622
94689302
84152342
52705302
105205782
52664342
52684822
73687062
84152342
136622102
84172822
52684822
84203542
52664342
63150102
115660822
126146582
84152342
52664342
42219542
73687062
63180822
31672342
63232022
42199062
42168342
115650582
42199062
63201302
84142102
52684822
63201302
52746262
52684822
42209302
63211542
42199062
73697302
52715542
52725782
94668822
52736022
52705302
63221782
31692822
42260502
52705302
63272982
52715542
63180822
42209302
63242262
42229782
42209302
63221782
52684822
31713302
52746262
52705302
52715542
52787222
31692822
63211542
94699542
42240022
42240022
42240022
52736022
63211542
84213782
31723542
52736022
42240022
52715542
31713302
42240022
42260502
31744022
63211542
52766742
52705302
52776982
63221782
52736022
63242262
52725782
42270742
42240022
42260502
31733782
63303702
31744022
42270742
42260502
31754262
42260502
52746262
52725782
42270742
31805462
42270742
52715542
63272982
63252502
52776982
31744022
52776982
42280982
63283222
52736022
52787222
42250262
84326422
31774742
42260502
73625623
84131863
94617623
94607383
168089623
73676823
52654103
105185303
52654103
126136343
84131863
52664343
63170583
63180823
84142103
73656343
84172823
126095383
63191063
94658583
63170583
73687063
73656343
84183063
84224023
94730263
94668823
63150103
52736023
84234263
52684823
63201303
52715543
73656343
73687063
63180823
63211543
63232023
84172823
105144343
94679063
63180823
63221783
52684823
52715543
42199063
94689303
63180823
52664343
31713303
42240023
63211543
52705303
73697303
73717783
31692823
63201303
63191063
31703063
52705303
52736023
52725783
94699543
42209303
73728023
126146583
126208023
52725783
52725783
52736023
52756503
63221783
31754263
42260503
42250263
31744023
42240023
63232023
31713303
63242263
63252503
126208023
73748503
42240023
42260503
73758743
31754263
52756503
63221783
42270743
52736023
42229783
63211543
31723543
52736023
42229783
52776983
42260503
42270743
52746263
42229783
42270743
52787223
42240023
52736023
52787223
63272983
42229783
52746263
31744023
31733783
42260503
42260503
42240023
31754263
31784983
63262743
31774743
31764503
31733783
42260503
31774743
63221783
42260503
42270743
52776983
52787223
31733783
94668824
84142104
63160344
84131864
94679064
84142104
189061144
84142104
126115864
94627864
73646104
63191064
84131864
63139864
126177304
63170584
115619864
105134104
73635864
63180824
94638104
84162584
52654104
52664344
52664344
105154584
84172824
52695064
84213784
73728024
42168344
52674584
84193304
84172824
63232024
52674584
52684824
94679064
73717784
42199064
126115864
73707544
42209304
52684824
63201304
52684824
42229784
73707544
105164824
63221784
42229784
63180824
52705304
84234264
84203544
52695064
52684824
42209304
52736024
84193304
105205784
52746264
84213784
42188824
52736024
31713304
105236504
63201304
73697304
52715544
73717784
63191064
52736024
52725784
31733784
63252504
63232024
42229784
126228504
52684824
52736024
52736024
42301464
84244504
52776984
52746264
42229784
31774744
42260504
42229784
42260504
52746264
52797464
63191064
42291224
52756504
42240024
42260504
42219544
42250264
63272984
42270744
42240024
52715544
84203544
42219544
94750744
42240024
52756504
42301464
52746264
52776984
63252504
52807704
42250264
31744024
52776984
42240024
42219544
52766744
42260504
42229784
31733784
31754264
63313944
42250264
94822424
31795224
84142105
84162585
94638105
84131865
105144345
105123865
105144345
84121625
105144345
73656345
94668825
94648345
84152345
52695065
94607385
73656345
52664345
52664345
73635865
63191065
42199065
84224025
115619865
73676825
73676825
63201305
31703065
94648345
63252505
52674585
42158105
84152345
126167065
94689305
52705305
52684825
73697305
42188825
42209305
63191065
52725785
94709785
52695065
63211545
73707545
52725785
52695065
73707545
63272985
73707545
63201305
63191065
42209305
63221785
73687065
52695065
52725785
31682585
63232025
42209305
52705305
31692825
42209305
63201305
31733785
42219545
52695065
31723545
52725785
84213785
42229785
42209305
31754265
52746265
73707545
52766745
52736025
42229785
42250265
42209305
63201305
52776985
42240025
31744025
42229785
84234265
52756505
31754265
52756505
52715545
52705305
52736025
42229785
42209305
31805465
42240025
52756505
42219545
31764505
52695065
73738265
52725785
63303705
73728025
31733785
52787225
52756505
21288985
63272985
42240025
94801945
52756505
31774745
42209305
31733785
63242265
73728025
63283225
31733785
42209305
31754265
63262745
31764505
52736025
42240025
42260505
42229785
42291225
84142106
73656346
105144346
73625626
63150106
115619866
63180826
84172826
84152346
73646106
63170586
115609626
84183066
115660826
73666586
84111386
73666586
73687066
105185306
73687066
73676826
84152346
63170586
52725786
52664346
63201306
73656346
63170586
73666586
94668826
42188826
73676826
42199066
84162586
52674586
73676826
73687066
73676826
73676826
42199066
73656346
73707546
84203546
73707546
115681306
52705306
63180826
52715546
73728026
73697306
84234266
63180826
42209306
42188826
42219546
52684826
52715546
63232026
63211546
63201306
63201306
63180826
84183066
42188826
52695066
42199066
73717786
52736026
52715546
63242266
42240026
42240026
63232026
31703066
63211546
52725786
63211546
52725786
42250266
63201306
63272986
42250266
31744026
94709786
84203546
63211546
31713306
73697306
42229786
42178586
31754266
63232026
126177306
42229786
52715546
52746266
52715546
73789466
42199066
52736026
73738266
73748506
42229786
31784986
42240026
31703066
63252506
42229786
52766746
31764506
42250266
52746266
84254746
42209306
84234266
42240026
42270746
31754266
84254746
42229786
52736026
42291226
42240026
42291226
73768986
52736026
52746266
42219546
94617627
105164827
105144347
115640347
94627867
73676827
94679067
94638107
84152347
136673307
52695067
94679067
84162587
63191067
63139867
52674587
63150107
126136347
52674587
147097627
52684827
63150107
94668827
105154587
84162587
63191067
42199067
94638107
115650587
52664347
73656347
84213787
63150107
52674587
94668827
63191067
52674587
52664347
31692827
84152347
94709787
115671067
42188827
94699547
94679067
42209307
31744027
52705307
42219547
42209307
52695067
73687067
52715547
52705307
63201307
42209307
42229787
42209307
52684827
52715547
52736027
63252507
31733787
63211547
84193307
52715547
63221787
63211547
42270747
52725787
31754267
52725787
63242267
63242267
52725787
42219547
42209307
42250267
42240027
63242267
94750747
42209307
31703067
42219547
73728027
42209307
31744027
52715547
52715547
42229787
31692827
63242267
42250267
31713307
52736027
52746267
42240027
52756507
31713307
52705307
63252507
42229787
42229787
42229787
42291227
42240027
63252507
63262747
42219547
42240027
52746267
42240027
31754267
52746267
42240027
31805467
63221787
73717787
73789467
42301467
42260507
31754267
52715547
42240027
73789467
63211547
52746267
42270747
115619868
94576668
73687068
105103388
126136348
73615388
94648348
52674588
84152348
73635868
73666588
126126108
63160348
94658588
84142108
63160348
63201308
73697308
63160348
84193308
94668828
63170588
105134108
63180828
73697308
115640348
63160348
63191068
52674588
73717788
63221788
73635868
105195548
63191068
105195548
52695068
63221788
52705308
31733788
42219548
52705308
73707548
31713308
42240028
52725788
84183068
52705308
63211548
52684828
84224028
42199068
52746268
42178588
73728028
42199068
52725788
52746268
73656348
42219548
52705308
73748508
73717788
42209308
52746268
31744028
84183068
63201308
52705308
73728028
52736028
63262748
42229788
31774748
31682588
42240028
84213788
63211548
73738268
42219548
63232028
52715548
52746268
42219548
31733788
52725788
52725788
94720028
42229788
31723548
42229788
52715548
52715548
52736028
63221788
52725788
42219548
73758748
52705308
63242268
31723548
52776988
42250268
42209308
52746268
31784988
52746268
42270748
42250268
31744028
31754268
42240028
63252508
52756508
42219548
52746268
42219548
73748508
42229788
42260508
31733788
52746268
52766748
52766748
42260508
31744028
42301468
42250268
63242268
126146589
84142109
63180829
105144349
73656349
105154589
115650589
63180829
52664349
94638109
52664349
73676829
84142109
126136349
63191069
84152349
115640349
42168349
84152349
84183069
94627869
42168349
73687069
73666589
73717789
52705309
73687069
52695069
84183069
126136349
63201309
63191069
42209309
42219549
52695069
73717789
63262749
42219549
84203549
63211549
105154589
31733789
73717789
42178589
63201309
63211549
42199069
42209309
105164829
63232029
42188829
94699549
42209309
63201309
52695069
42199069
42229789
42209309
42240029
42260509
42250269
31692829
63221789
73728029
94760989
52725789
31754269
52725789
42250269
73707549
42188829
63201309
73758749
42240029
31692829
63242269
31764509
42209309
31744029
52756509
52736029
42229789
31744029
42250269
31754269
52746269
84183069
84224029
31744029
52695069
42229789
126228509
42260509
31723549
63211549
52746269
52736029
73758749
42250269
84224029
84224029
42250269
31723549
52736029
63221789
31692829
31733789
52736029
52705309
42240029
42229789
52746269
52807709
52746269
31744029
42250269
42250269
31764509
52756509
52736029
42229789
52746269
42260509
42260509
52746269
73768989
52715549
52766749
94617630
73646110
63150110
73646110
105175070
84131870
52664350
84172830
84162590
94648350
63160350
63170590
115701790
63191070
94658590
73697310
52664350
73676830
52664350
42188830
84224030
94638110
73676830
63170590
52736030
63170590
73666590
52746270
52736030
52715550
52695070
94679070
52695070
52674590
73717790
42199070
52746270
105164830
94720030
42199070
73687070
42199070
84203550
105195550
73728030
52736030
63232030
73748510
42240030
31703070
52715550
52715550
52746270
42240030
42209310
42199070
42229790
63211550
63201310
31713310
42199070
42250270
52715550
52736030
52684830
52746270
52715550
42240030
115722270
63252510
42209310
42240030
63191070
42250270
63201310
73728030
63252510
52695070
42199070
42260510
42229790
42229790
63221790
52776990
42199070
52746270
31774750
42250270
52705310
63221790
31692830
31692830
52715550
42240030
42219550
52787230
42229790
42209310
31733790
31713310
42240030
52725790
31682590
52756510
42250270
63232030
42240030
31744030
52746270
52746270
31764510
31713310
42229790
52766750
42209310
52787230
52725790
52746270
63242270
73738270
42209310
42260510
42229790
42229790
63262750
42250270
73717790
52756510
105164831
94627871
63180831
84131871
115619871
63129631
52664351
94709791
115619871
115660831
63191071
63191071
52674591
63191071
42168351
73656351
84183071
136622111
73707551
73676831
84203551
84172831
63180831
52674591
105185311
63180831
63170591
73635871
73656351
42209311
52695071
105154591
52705311
42199071
31682591
73738271
63221791
52705311
63211551
94720031
52695071
52695071
31713311
52705311
42250271
84264991
105195551
52715551
42219551
42240031
63232031
73717791
42229791
42250271
42240031
63221791
31733791
42229791
42219551
63201311
42270751
63221791
31754271
52705311
52736031
52725791
84213791
42270751
63262751
42209311
52746271
63242271
63252511
42229791
52736031
63211551
52736031
105256991
42219551
42240031
63252511
42199071
52695071
42280991
42250271
52746271
31723551
63232031
63272991
42209311
42199071
52736031
42209311
94771231
63201311
42219551
63232031
52756511
42260511
63221791
63232031
42229791
63211551
42270751
52715551
42229791
42209311
73738271
63252511
42260511
52746271
42229791
63211551
42229791
42219551
42260511
31744031
42229791
42240031
63283231
52684831
84213791
52756511
63252511
31733791
42219551
52705311
52736031
