94730240
73779200
73748480
63293440
84224000
94760960
63272960
84234240
63293440
52736000
52756480
73738240
52776960
52776960
42260480
73748480
52736000
42250240
63272960
73779200
52797440
52756480
94720000
52725760
94760960
63334400
52746240
42270720
52756480
52817920
73799680
42280960
52776960
199792640
84264960
63283200
52766720
42321920
84305920
52776960
42280960
42280960
52787200
84316160
52797440
63313920
73820160
42311680
63313920
52817920
52838400
42280960
73809920
52807680
52807680
63283200
42311680
42311680
42321920
42332160
42280960
52817920
42270720
42291200
52848640
52797440
42321920
52807680
84336640
52807680
63324160
73881600
31764480
42291200
52838400
42311680
42332160
52776960
52858880
42311680
42342400
42342400
42362880
42280960
73809920
52817920
52828160
42362880
42291200
42332160
42291200
42321920
73891840
63416320
31846400
42342400
42311680
52838400
42311680
42321920
52828160
63365120
42332160
42311680
52838400
52889600
42332160
42352640
42332160
52828160
52858880
52817920
42311680
42362880
42332160
73871360
63283200
73891840
52787200
63344640
63324160
52848640
31795200
42301440
52879360
31846400
42332160
52889600
52766721
52766721
52725761
42229761
105246721
52776961
84275201
52776961
42240001
63252481
73738241
52766721
42250241
52776961
42260481
52766721
63252481
84254721
52776961
42280961
52746241
52776961
63303681
42270721
52766721
52756481
94791681
105205761
52736001
42260481
42321921
42342401
42291201
52756481
42250241
42270721
52787201
42270721
52858881
73789441
42291201
52776961
52787201
52807681
63293441
63283201
115814401
52807681
42311681
52828161
63283201
52848641
94873601
42260481
42352641
63334401
73871361
73871361
73850881
52807681
73809921
42280961
42332161
42311681
42280961
52879361
42260481
63375361
42311681
115814401
52776961
52807681
42260481
42291201
52848641
52879361
52879361
42332161
42280961
42280961
52817921
42342401
52848641
52879361
63334401
52807681
31825921
42321921
52879361
63385601
42311681
42383361
52838401
73809921
42352641
42342401
42332161
52848641
52848641
42373121
42321921
73912321
42321921
52807681
52838401
42342401
42321921
73881601
52828161
42321921
42342401
52776961
52807681
42311681
42403841
52848641
63365121
42321921
42301441
31774721
52828161
42352641
42301441
42311681
42373121
42301441
63395841
52879361
52736002
52787202
52746242
94801922
73820162
63313922
84224002
52756482
73748482
52776962
63313922
52705282
52736002
52787202
73717762
52746242
52776962
94750722
52756482
52776962
52766722
52756482
42311682
42270722
42260482
52776962
42240002
52787202
63272962
52797442
84264962
52766722
42260482
52746242
63293442
42250242
52787202
42260482
52746242
42240002
63242242
63262722
84295682
42270722
42270722
42270722
94822402
52797442
63324162
63293442
42301442
42332162
84316162
52869122
63293442
42270722
42362882
42352642
52869122
42291202
52858882
63324162
52828162
52797442
42291202
52817922
42301442
52817922
42260482
42291202
52828162
52858882
52848642
42311682
42280962
52848642
42311682
52807682
42301442
63334402
84203522
42342402
31836162
42311682
52838402
42301442
31825922
52879362
42301442
63344642
52828162
31774722
52838402
42332162
52869122
52858882
52879362
42280962
42352642
52838402
42403842
42342402
42332162
42352642
42342402
42362882
42301442
52869122
52879362
31866882
42321922
84387842
42301442
52848642
42352642
52828162
52858882
31805442
42321922
42352642
42321922
63334402
42280962
52817922
52848642
42342402
42352642
52899842
105246723
63252483
52746243
63242243
105328643
199649283
94791683
52797443
63272963
42260483
42280963
73799683
94791683
52838403
52807683
52776963
84316163
52756483
42270723
42260483
52766723
52746243
63272963
105216003
73799683
52787203
42240003
63242243
52746243
42270723
42250243
42291203
52766723
52776963
52776963
157767683
42291203
52776963
52828163
63344643
52807683
42270723
42291203
63272963
42240003
84336643
42342403
42260483
52776963
52838403
52776963
52766723
63365123
42311683
42270723
42321923
73891843
52858883
42321923
31795203
52858883
52807683
42291203
42321923
73850883
42280963
31784963
52817923
42250243
52817923
63354883
42280963
94873603
52828163
52848643
63375363
52838403
42311683
63334403
42301443
42352643
73830403
42373123
52879363
42280963
42362883
42311683
52817923
42321923
31754243
42311683
42332163
52848643
63354883
42311683
42362883
42352643
31795203
42332163
42332163
42342403
42321923
52848643
42332163
52838403
42291203
52858883
42270723
63395843
52869123
42414083
52879363
52869123
42352643
52848643
42393603
42321923
42311683
42332163
42321923
42403843
63375363
52858883
42311683
52797443
42321923
52899843
52858883
52776964
63283204
42301444
63252484
52746244
63211524
52817924
52838404
52725764
52787204
63242244
63283204
94730244
52828164
52776964
42280964
52766724
63272964
52787204
52725764
52766724
52776964
52736004
42240004
52787204
63242244
52746244
42260484
52797444
73779204
42260484
42260484
52766724
63375364
42270724
52766724
52787204
42291204
63354884
42342404
42280964
42250244
52797444
52807684
52787204
42301444
42301444
42301444
42270724
42311684
42280964
52797444
42250244
52858884
42301444
52817924
84387844
42301444
52838404
63313924
42301444
63365124
42332164
42240004
52858884
42301444
52787204
42291204
52787204
42332164
52828164
73861124
52787204
42332164
42291204
42321924
52828164
42362884
73840644
42321924
42321924
63303684
31846404
42342404
52787204
73953284
52807684
52838404
52838404
42321924
42280964
52858884
73840644
42403844
52807684
42311684
52797444
31805444
52838404
31815684
42393604
42362884
63395844
63426564
63354884
42352644
42311684
42311684
31825924
42342404
42332164
42332164
42280964
31836164
42321924
52869124
31815684
52848644
52817924
42280964
42332164
42352644
52817924
42362884
63416324
42332164
42373124
52910084
52766725
52828165
84264965
52736005
94720005
52797445
115773445
52776965
73707525
52756485
52746245
52766725
94832645
42260485
42321925
52756485
42260485
42260485
63252485
52746245
42280965
52817925
42301445
63272965
42311685
52756485
42280965
42311685
52787205
63313925
52797445
73809925
52807685
73820165
42260485
42301445
42260485
73830405
42342405
42301445
42342405
52787205
63324165
42280965
73799685
42260485
42280965
42260485
42260485
52766725
42280965
42270725
42301445
42301445
52776965
52807685
42321925
73830405
52787205
42321925
31795205
42342405
42332165
42280965
42270725
42270725
42291205
42311685
52797445
42291205
42260485
63293445
52756485
73850885
52817925
42280965
42332165
42291205
105328645
42332165
52817925
42321925
52858885
42332165
63334405
52848645
42321925
52787205
42352645
42291205
42260485
42311685
42383365
42393605
42291205
63334405
52807685
31815685
52807685
31825925
31774725
63344645
42301445
42321925
42321925
42373125
52838405
42332165
31836165
42280965
52879365
31887365
42321925
42321925
52848645
52889605
42342405
63303685
52848645
52828165
42332165
52838405
42373125
42383365
52838405
31805445
52828165
52869125
52776966
52705286
42250246
52736006
52787206
52756486
63242246
63293446
115773446
73738246
63242246
126279686
52715526
63262726
52776966
73799686
42260486
52736006
52776966
52736006
42260486
73779206
52787206
52766726
42280966
52776966
42260486
52766726
52766726
63313926
52766726
52766726
42240006
63272966
52776966
84357126
73809926
52756486
105338886
52756486
73840646
42240006
31825926
63334406
52725766
42270726
52828166
52776966
42291206
63385606
42311686
63303686
42362886
31774726
42311686
63344646
42291206
52766726
42332166
52817926
42260486
52817926
42352646
42280966
52797446
42311686
42332166
42280966
42260486
63303686
42352646
42332166
42301446
52797446
42280966
31825926
42311686
31836166
42311686
63344646
52807686
73820166
42291206
52756486
52776966
52879366
84367366
42342406
31774726
42311686
42291206
42311686
63344646
52879366
52858886
31836166
52807686
52776966
42332166
42373126
42260486
31815686
42311686
42321926
42352646
84367366
42321926
42311686
52879366
31856646
52828166
52858886
42311686
42373126
42352646
52981766
42362886
42342406
42321926
42332166
52828166
42383366
42321926
42373126
42321926
42393606
42362886
52879366
52746247
63293447
52725767
73779207
52746247
147251207
73799687
52715527
42240007
52746247
42240007
168314887
42291207
52776967
52756487
63293447
42229767
52787207
63232007
42240007
52715527
52756487
42260487
52746247
42301447
52746247
42321927
52797447
84357127
52797447
94771207
94822407
42332167
52807687
52797447
42260487
42250247
52797447
52787207
52828167
42301447
42321927
42311687
42311687
63313927
42280967
42321927
42291207
52807687
63354887
42291207
42332167
52828167
42270727
63283207
42342407
31784967
52817927
42229767
52817927
42291207
42240007
63375367
42301447
42321927
42342407
115875847
42311687
63303687
31856647
52828167
42280967
52858887
52817927
52797447
42342407
42260487
42332167
42342407
31805447
42311687
42342407
42332167
42301447
42311687
52817927
42301447
52828167
42321927
42280967
42260487
42301447
52930567
52766727
63395847
52797447
42332167
42373127
42311687
42342407
42352647
42280967
31795207
31825927
52848647
52766727
42321927
42270727
31825927
42321927
42332167
42332167
52848647
31825927
31815687
42291207
42352647
42362887
52838407
63436807
52879367
31836167
63416327
42332167
31825927
52899847
42373127
52920327
115722248
63232008
52776968
136796168
105267208
73717768
52807688
52725768
63293448
52766728
63283208
63324168
94771208
52797448
52797448
63324168
105195528
52756488
84254728
73768968
52725768
52736008
147220488
52787208
52787208
63303688
42260488
73789448
42260488
52838408
52828168
52797448
63272968
52756488
42250248
73748488
52858888
42301448
63242248
52756488
73850888
115783688
42301448
52817928
52766728
42352648
73809928
42270728
63365128
73820168
42260488
42311688
42280968
63324168
52787208
63334408
42260488
52838408
52838408
42321928
52889608
31754248
42240008
42270728
63303688
42311688
63375368
42342408
31846408
42291208
42301448
42250248
42373128
31825928
42301448
52828168
52817928
52828168
42352648
42414088
31805448
42280968
63365128
63272968
42321928
42301448
63385608
52817928
42291208
42270728
42321928
31836168
42270728
31815688
63375368
52787208
52838408
31805448
52910088
42352648
52848648
52828168
42383368
42280968
52858888
42332168
42321928
42332168
42393608
52817928
42383368
42362888
52869128
52869128
42383368
63436808
42373128
42332168
52899848
42342408
42434568
42342408
42311688
63385608
42332168
52838408
31897608
31887368
52725769
73697289
105277449
63242249
52725769
63201289
84326409
63293449
73748489
52715529
42250249
52766729
63303689
52756489
42229769
73809929
42250249
52756489
42270729
52807689
42311689
63262729
105287689
42301449
73748489
52766729
52787209
42280969
42229769
84326409
73748489
52807689
52725769
84275209
52828169
42321929
42301449
42270729
52838409
52766729
42270729
63313929
42240009
42321929
52797449
52807689
52766729
52817929
42280969
42291209
42352649
52787209
42260489
52858889
52848649
42311689
42270729
42301449
42250249
73809929
42332169
52766729
42332169
52838409
52776969
52807689
42311689
42260489
42352649
52807689
84367369
42291209
52848649
42332169
52787209
52817929
42301449
31795209
42332169
42301449
42301449
42332169
52858889
42352649
42291209
42291209
42321929
42280969
42373129
52848649
42332169
42291209
63324169
52838409
42332169
94873609
31825929
42311689
42321929
52828169
52930569
52828169
42362889
52838409
52981769
42362889
42291209
52828169
42362889
31815689
42291209
42332169
52848649
42321929
63447049
42301449
42332169
52920329
42332169
52889609
42362889
52889609
42373129
42383369
31825929
42373129
52899849
42321929
94822410
52756490
115793930
52746250
73748490
52705290
52797450
84316170
63221770
73758730
84244490
52756490
84224010
42250250
84357130
52787210
52838410
63293450
105277450
52787210
52787210
63262730
42250250
52766730
52766730
42240010
84357130
63293450
52766730
73789450
42301450
63252490
42291210
52838410
52766730
42291210
63262730
42301450
42342410
42291210
42301450
42229770
52797450
42270730
52858890
63303690
42311690
31764490
42321930
73830410
52787210
52797450
42280970
52828170
31825930
52787210
42280970
63324170
42332170
42291210
42383370
52838410
42280970
31774730
136888330
168355850
42332170
52797450
42301450
42270730
42342410
52797450
52787210
42342410
42291210
31764490
42321930
31805450
52838410
42342410
42321930
42321930
42321930
52930570
42321930
73881610
31836170
42373130
42373130
63344650
42393610
42332170
31805450
42352650
42332170
52858890
42352650
73902090
52910090
42352650
42291210
42362890
63365130
42280970
63365130
52848650
42362890
42321930
42342410
52848650
42332170
31877130
42373130
42311690
63385610
52858890
42362890
52899850
42321930
42352650
31825930
31846410
42362890
52910090
42332170
42362890
42321930
42362890
63232011
73676811
136734731
52766731
63283211
52736011
73728011
52756491
52766731
115793931
52746251
52746251
42270731
63293451
94750731
52766731
63252491
73758731
42321931
42270731
52797451
52746251
52817931
52787211
52787211
42260491
63313931
42291211
63303691
42270731
42260491
63303691
73809931
94791691
42301451
31836171
52746251
73768971
52797451
73789451
52776971
52848651
42311691
52807691
63272971
42311691
42362891
42260491
42321931
42250251
73861131
42260491
42260491
52797451
42250251
42270731
73799691
52807691
42311691
52817931
42342411
42362891
63354891
42280971
42332171
42291211
31805451
42311691
31815691
42321931
42321931
31795211
31754251
42332171
42280971
42362891
42240011
42291211
42332171
42321931
31795211
52838411
31846411
31856651
42301451
52828171
42362891
31836171
42260491
42342411
52869131
42362891
42342411
42280971
31815691
31866891
42352651
42270731
42311691
52828171
52838411
42342411
52807691
31815691
42362891
52838411
42352651
42291211
42270731
42352651
42332171
42352651
52889611
42352651
52879371
52838411
42321931
52899851
42332171
52899851
52858891
31897611
42311691
31836171
42352651
42301451
52838411
42301451
52776972
52736012
84285452
63221772
73738252
52705292
52736012
52746252
136857612
52776972
42250252
84244492
52736012
84285452
73768972
52766732
52828172
52797452
52746252
42291212
73768972
105287692
42250252
84285452
42250252
42280972
42260492
42260492
52797452
63252492
52756492
52828172
147322892
52828172
42280972
52838412
52848652
42383372
73830412
84305932
105308172
84326412
42280972
42260492
42260492
42250252
42342412
52838412
42311692
73779212
42260492
42280972
84295692
52817932
42270732
42260492
63334412
31784972
42301452
42342412
42260492
31795212
42280972
31866892
63344652
52787212
42291212
52828172
63293452
42301452
42311692
42280972
52828172
42260492
42373132
42280972
42240012
42342412
42321932
31805452
42352652
42240012
42291212
42301452
42352652
52838412
73830412
52920332
42342412
63344652
42291212
42321932
31846412
31825932
42352652
42342412
31846412
42352652
63447052
42291212
63313932
31815692
31795212
42352652
42342412
42373132
42332172
42270732
52879372
42291212
42352652
42362892
31836172
42291212
42311692
42270732
42280972
42332172
31887372
42342412
42332172
42332172
42342412
42373132
42301452
52889612
31774732
42311692
73789453
63303693
52725773
73707533
105256973
63293453
52787213
73707533
52725773
52725773
52797453
52736013
52848653
52756493
52817933
63293453
94750733
42229773
63283213
52797453
52828173
52807693
42270733
73789453
42250253
52746253
94771213
73779213
42291213
42270733
52776973
63313933
42270733
52756493
63211533
42260493
42280973
42270733
63283213
42270733
42280973
63303693
52817933
42229773
52807693
63324173
42321933
42321933
52787213
42311693
52817933
42291213
42301453
42291213
42240013
42291213
52869133
42321933
42291213
42250253
73861133
42301453
42229773
42280973
52889613
52766733
52858893
42332173
63354893
42301453
63334413
31805453
63365133
42280973
42280973
42352653
42250253
42291213
42383373
42311693
42352653
52838413
42270733
63365133
73748493
31784973
84387853
42403853
42311693
31805453
42291213
42332173
52848653
42291213
31856653
42332173
52858893
42311693
42362893
52807693
84357133
31815693
52858893
42321933
42342413
42311693
63385613
42352653
52920333
42332173
52828173
42352653
52940813
42270733
63334413
42383373
31805453
42362893
52899853
42321933
31836173
31825933
42362893
52879373
42321933
52848653
31877133
42362893
52766734
94801934
52715534
63221774
115732494
52756494
52766734
63283214
73768974
94709774
52756494
73717774
63354894
63191054
63262734
63272974
52756494
52756494
52756494
52746254
63293454
42280974
52766734
42280974
115773454
73809934
63272974
73779214
84254734
42270734
52776974
94801934
63283214
63252494
52776974
42311694
52787214
73809934
42240014
84316174
63272974
42301454
42280974
52807694
42291214
42311694
63324174
42311694
73799694
42301454
42280974
73809934
42270734
42332174
52828174
31825934
52817934
42342414
42240014
31836174
42321934
42301454
31754254
52797454
42311694
42342414
42291214
42291214
63344654
42291214
42342414
52828174
52858894
52817934
52817934
42342414
52889614
42291214
31805454
42362894
52838414
31805454
42301454
42280974
63313934
31805454
42321934
42352654
31805454
52858894
52828174
42332174
42332174
52828174
42332174
31856654
63385614
42342414
31846414
42311694
52797454
42342414
42352654
42321934
52848654
42352654
42311694
42342414
31774734
42321934
42301454
42311694
42332174
42373134
42332174
42373134
31764494
42342414
31825934
42311694
31815694
31815694
42321934
42352654
42362894
52899854
31856654
63508494
73738255
84224015
63232015
52695055
63221775
94781455
73758735
63272975
73758735
52838415
115752975
52756495
42219535
136673295
63303695
52756495
94771215
84224015
42291215
42280975
42260495
136755215
52797455
52787215
52776975
136816655
42219535
52766735
42342415
63334415
52776975
42321935
105308175
63283215
42291215
52797455
94771215
52787215
52807695
42280975
63334415
63313935
42301455
63344655
42321935
42280975
42280975
52787215
31764495
42280975
31805455
63324175
52797455
63334415
94842895
63313935
73768975
42332175
52858895
52797455
42301455
31784975
42332175
42301455
42280975
42280975
52838415
42332175
42352655
52828175
42342415
42311695
42311695
42373135
42352655
84346895
31805455
42280975
42301455
52848655
42311695
31774735
42332175
31744015
63313935
42260495
31866895
31825935
42373135
42311695
42332175
42332175
42373135
42291215
42383375
42383375
42362895
52828175
42332175
63283215
42352655
42373135
42342415
63457295
52848655
52817935
42321935
52889615
31805455
42342415
42373135
42383375
42393615
42352655
42352655
42332175
42362895
31846415
31846415
42342415
42373135
42362895
42311695
42403855
42321935
42291215
31805455
31815695
      16
      16
      16
      16
      16
      16
      16
      16
      16
      16
      16
      16
      16
      16
      16
      16
      16
      16
      16
      16
      16
      16
      16
      16
      16
      16
      16
      16
      16
      16
      16
      16
      16
      16
      16
      16
      16
      16
      16
      16
      16
      16
      16
      16
      16
      16
      16
      16
      16
      16
      16
      16
      16
      16
      16
      16
      16
      16
      16
      16
      16
      16
      16
      16
      16
      16
      16
      16
      16
      16
      16
      16
      16
      16
      16
      16
      16
      16
      16
      16
      16
      16
      16
      16
      16
      16
      16
      16
      16
      16
      16
      16
      16
      16
      16
      16
      16
      16
      16
      16
      16
      16
      16
      16
      16
      16
      16
      16
      16
      16
      16
      16
      16
      16
      16
      16
      16
      16
      16
      16
      16
      16
      16
      16
      16
      16
      16
      16
      17
      17
      17
      17
      17
      17
      17
      17
      17
      17
      17
      17
      17
      17
      17
      17
      17
      17
      17
      17
      17
      17
      17
      17
      17
      17
      17
      17
      17
      17
      17
      17
      17
      17
      17
      17
      17
      17
      17
      17
      17
      17
      17
      17
      17
      17
      17
      17
      17
      17
      17
      17
      17
      17
      17
      17
      17
      17
      17
      17
      17
      17
      17
      17
      17
      17
      17
      17
      17
      17
      17
      17
      17
      17
      17
      17
      17
      17
      17
      17
      17
      17
      17
      17
      17
      17
      17
      17
      17
      17
      17
      17
      17
      17
      17
      17
      17
      17
      17
      17
      17
      17
      17
      17
      17
      17
      17
      17
      17
      17
      17
      17
      17
      17
      17
      17
      17
      17
      17
      17
      17
      17
      17
      17
      17
      17
      17
      17
      18
      18
      18
      18
      18
      18
      18
      18
      18
      18
      18
      18
      18
      18
      18
      18
      18
      18
      18
      18
      18
      18
      18
      18
      18
      18
      18
      18
      18
      18
      18
      18
      18
      18
      18
      18
      18
      18
      18
      18
      18
      18
      18
      18
      18
      18
      18
      18
      18
      18
      18
      18
      18
      18
      18
      18
      18
      18
      18
      18
      18
      18
      18
      18
      18
      18
      18
      18
      18
      18
      18
      18
      18
      18
      18
      18
      18
      18
      18
      18
      18
      18
      18
      18
      18
      18
      18
      18
      18
      18
      18
      18
      18
      18
      18
      18
      18
      18
      18
      18
      18
      18
      18
      18
      18
      18
      18
      18
      18
      18
      18
      18
      18
      18
      18
      18
      18
      18
      18
      18
      18
      18
      18
      18
      18
      18
      18
      18
      19
      19
      19
      19
      19
      19
      19
      19
      19
      19
      19
      19
      19
      19
      19
      19
      19
      19
      19
      19
      19
      19
      19
      19
      19
      19
      19
      19
      19
      19
      19
      19
      19
      19
      19
      19
      19
      19
      19
      19
      19
      19
      19
      19
      19
      19
      19
      19
      19
      19
      19
      19
      19
      19
      19
      19
      19
      19
      19
      19
      19
      19
      19
      19
      19
      19
      19
      19
      19
      19
      19
      19
      19
      19
      19
      19
      19
      19
      19
      19
      19
      19
      19
      19
      19
      19
      19
      19
      19
      19
      19
      19
      19
      19
      19
      19
      19
      19
      19
      19
      19
      19
      19
      19
      19
      19
      19
      19
      19
      19
      19
      19
      19
      19
      19
      19
      19
      19
      19
      19
      19
      19
      19
      19
      19
      19
      19
      19
      20
      20
      20
      20
      20
      20
      20
      20
      20
      20
      20
      20
      20
      20
      20
      20
      20
      20
      20
      20
      20
      20
      20
      20
      20
      20
      20
      20
      20
      20
      20
      20
      20
      20
      20
      20
      20
      20
      20
      20
      20
      20
      20
      20
      20
      20
      20
      20
      20
      20
      20
      20
      20
      20
      20
      20
      20
      20
      20
      20
      20
      20
      20
      20
      20
      20
      20
      20
      20
      20
      20
      20
      20
      20
      20
      20
      20
      20
      20
      20
      20
      20
      20
      20
      20
      20
      20
      20
      20
      20
      20
      20
      20
      20
      20
      20
      20
      20
      20
      20
      20
      20
      20
      20
      20
      20
      20
      20
      20
      20
      20
      20
      20
      20
      20
      20
      20
      20
      20
      20
      20
      20
      20
      20
      20
      20
      20
      20
      21
      21
      21
      21
      21
      21
      21
      21
      21
      21
      21
      21
      21
      21
      21
      21
      21
      21
      21
      21
      21
      21
      21
      21
      21
      21
      21
      21
      21
      21
      21
      21
      21
      21
      21
      21
      21
      21
      21
      21
      21
      21
      21
      21
      21
      21
      21
      21
      21
      21
      21
      21
      21
      21
      21
      21
      21
      21
      21
      21
      21
      21
      21
      21
      21
      21
      21
      21
      21
      21
      21
      21
      21
      21
      21
      21
      21
      21
      21
      21
      21
      21
      21
      21
      21
      21
      21
      21
      21
      21
      21
      21
      21
      21
      21
      21
      21
      21
      21
      21
      21
      21
      21
      21
      21
      21
      21
      21
      21
      21
      21
      21
      21
      21
      21
      21
      21
      21
      21
      21
      21
      21
      21
      21
      21
      21
      21
      21
      22
      22
      22
      22
      22
      22
      22
      22
      22
      22
      22
      22
      22
      22
      22
      22
      22
      22
      22
      22
      22
      22
      22
      22
      22
      22
      22
      22
      22
      22
      22
      22
      22
      22
      22
      22
      22
      22
      22
      22
      22
      22
      22
      22
      22
      22
      22
      22
      22
      22
      22
      22
      22
      22
      22
      22
      22
      22
      22
      22
      22
      22
      22
      22
      22
      22
      22
      22
      22
      22
      22
      22
      22
      22
      22
      22
      22
      22
      22
      22
      22
      22
      22
      22
      22
      22
      22
      22
      22
      22
      22
      22
      22
      22
      22
      22
      22
      22
      22
      22
      22
      22
      22
      22
      22
      22
      22
      22
      22
      22
      22
      22
      22
      22
      22
      22
      22
      22
      22
      22
      22
      22
      22
      22
      22
      22
      22
      22
      23
      23
      23
      23
      23
      23
      23
      23
      23
      23
      23
      23
      23
      23
      23
      23
      23
      23
      23
      23
      23
      23
      23
      23
      23
      23
      23
      23
      23
      23
      23
      23
      23
      23
      23
      23
      23
      23
      23
      23
      23
      23
      23
      23
      23
      23
      23
      23
      23
      23
      23
      23
      23
      23
      23
      23
      23
      23
      23
      23
      23
      23
      23
      23
      23
      23
      23
      23
      23
      23
      23
      23
      23
      23
      23
      23
      23
      23
      23
      23
      23
      23
      23
      23
      23
      23
      23
      23
      23
      23
      23
      23
      23
      23
      23
      23
      23
      23
      23
      23
      23
      23
      23
      23
      23
      23
      23
      23
      23
      23
      23
      23
      23
      23
      23
      23
      23
      23
      23
      23
      23
      23
      23
      23
      23
      23
      23
      23
      24
      24
      24
      24
      24
      24
      24
      24
      24
      24
      24
      24
      24
      24
      24
      24
      24
      24
      24
      24
      24
      24
      24
      24
      24
      24
      24
      24
      24
      24
      24
      24
      24
      24
      24
      24
      24
      24
      24
      24
      24
      24
      24
      24
      24
      24
      24
      24
      24
      24
      24
      24
      24
      24
      24
      24
      24
      24
      24
      24
      24
      24
      24
      24
      24
      24
      24
      24
      24
      24
      24
      24
      24
      24
      24
      24
      24
      24
      24
      24
      24
      24
      24
      24
      24
      24
      24
      24
      24
      24
      24
      24
      24
      24
      24
      24
      24
      24
      24
      24
      24
      24
      24
      24
      24
      24
      24
      24
      24
      24
      24
      24
      24
      24
      24
      24
      24
      24
      24
      24
      24
      24
      24
      24
      24
      24
      24
      24
      25
      25
      25
      25
      25
      25
      25
      25
      25
      25
      25
      25
      25
      25
      25
      25
      25
      25
      25
      25
      25
      25
      25
      25
      25
      25
      25
      25
      25
      25
      25
      25
      25
      25
      25
      25
      25
      25
      25
      25
      25
      25
      25
      25
      25
      25
      25
      25
      25
      25
      25
      25
      25
      25
      25
      25
      25
      25
      25
      25
      25
      25
      25
      25
      25
      25
      25
      25
      25
      25
      25
      25
      25
      25
      25
      25
      25
      25
      25
      25
      25
      25
      25
      25
      25
      25
      25
      25
      25
      25
      25
      25
      25
      25
      25
      25
      25
      25
      25
      25
      25
      25
      25
      25
      25
      25
      25
      25
      25
      25
      25
      25
      25
      25
      25
      25
      25
      25
      25
      25
      25
      25
      25
      25
      25
      25
      25
      25
      26
      26
      26
      26
      26
      26
      26
      26
      26
      26
      26
      26
      26
      26
      26
      26
      26
      26
      26
      26
      26
      26
      26
      26
      26
      26
      26
      26
      26
      26
      26
      26
      26
      26
      26
      26
      26
      26
      26
      26
      26
      26
      26
      26
      26
      26
      26
      26
      26
      26
      26
      26
      26
      26
      26
      26
      26
      26
      26
      26
      26
      26
      26
      26
      26
      26
      26
      26
      26
      26
      26
      26
      26
      26
      26
      26
      26
      26
      26
      26
      26
      26
      26
      26
      26
      26
      26
      26
      26
      26
      26
      26
      26
      26
      26
      26
      26
      26
      26
      26
      26
      26
      26
      26
      26
      26
      26
      26
      26
      26
      26
      26
      26
      26
      26
      26
      26
      26
      26
      26
      26
      26
      26
      26
      26
      26
      26
      26
      27
      27
      27
      27
      27
      27
      27
      27
      27
      27
      27
      27
      27
      27
      27
      27
      27
      27
      27
      27
      27
      27
      27
      27
      27
      27
      27
      27
      27
      27
      27
      27
      27
      27
      27
      27
      27
      27
      27
      27
      27
      27
      27
      27
      27
      27
      27
      27
      27
      27
      27
      27
      27
      27
      27
      27
      27
      27
      27
      27
      27
      27
      27
      27
      27
      27
      27
      27
      27
      27
      27
      27
      27
      27
      27
      27
      27
      27
      27
      27
      27
      27
      27
      27
      27
      27
      27
      27
      27
      27
      27
      27
      27
      27
      27
      27
      27
      27
      27
      27
      27
      27
      27
      27
      27
      27
      27
      27
      27
      27
      27
      27
      27
      27
      27
      27
      27
      27
      27
      27
      27
      27
      27
      27
      27
      27
      27
      27
      28
      28
      28
      28
      28
      28
      28
      28
      28
      28
      28
      28
      28
      28
      28
      28
      28
      28
      28
      28
      28
      28
      28
      28
      28
      28
      28
      28
      28
      28
      28
      28
      28
      28
      28
      28
      28
      28
      28
      28
      28
      28
      28
      28
      28
      28
      28
      28
      28
      28
      28
      28
      28
      28
      28
      28
      28
      28
      28
      28
      28
      28
      28
      28
      28
      28
      28
      28
      28
      28
      28
      28
      28
      28
      28
      28
      28
      28
      28
      28
      28
      28
      28
      28
      28
      28
      28
      28
      28
      28
      28
      28
      28
      28
      28
      28
      28
      28
      28
      28
      28
      28
      28
      28
      28
      28
      28
      28
      28
      28
      28
      28
      28
      28
      28
      28
      28
      28
      28
      28
      28
      28
      28
      28
      28
      28
      28
      28
      29
      29
      29
      29
      29
      29
      29
      29
      29
      29
      29
      29
      29
      29
      29
      29
      29
      29
      29
      29
      29
      29
      29
      29
      29
      29
      29
      29
      29
      29
      29
      29
      29
      29
      29
      29
      29
      29
      29
      29
      29
      29
      29
      29
      29
      29
      29
      29
      29
      29
      29
      29
      29
      29
      29
      29
      29
      29
      29
      29
      29
      29
      29
      29
      29
      29
      29
      29
      29
      29
      29
      29
      29
      29
      29
      29
      29
      29
      29
      29
      29
      29
      29
      29
      29
      29
      29
      29
      29
      29
      29
      29
      29
      29
      29
      29
      29
      29
      29
      29
      29
      29
      29
      29
      29
      29
      29
      29
      29
      29
      29
      29
      29
      29
      29
      29
      29
      29
      29
      29
      29
      29
      29
      29
      29
      29
      29
      29
      30
      30
      30
      30
      30
      30
      30
      30
      30
      30
      30
      30
      30
      30
      30
      30
      30
      30
      30
      30
      30
      30
      30
      30
      30
      30
      30
      30
      30
      30
      30
      30
      30
      30
      30
      30
      30
      30
      30
      30
      30
      30
      30
      30
      30
      30
      30
      30
      30
      30
      30
      30
      30
      30
      30
      30
      30
      30
      30
      30
      30
      30
      30
      30
      30
      30
      30
      30
      30
      30
      30
      30
      30
      30
      30
      30
      30
      30
      30
      30
      30
      30
      30
      30
      30
      30
      30
      30
      30
      30
      30
      30
      30
      30
      30
      30
      30
      30
      30
      30
      30
      30
      30
      30
      30
      30
      30
      30
      30
      30
      30
      30
      30
      30
      30
      30
      30
      30
      30
      30
      30
      30
      30
      30
      30
      30
      30
      30
      31
      31
      31
      31
      31
      31
      31
      31
      31
      31
      31
      31
      31
      31
      31
      31
      31
      31
      31
      31
      31
      31
      31
      31
      31
      31
      31
      31
      31
      31
      31
      31
      31
      31
      31
      31
      31
      31
      31
      31
      31
      31
      31
      31
      31
      31
      31
      31
      31
      31
      31
      31
      31
      31
      31
      31
      31
      31
      31
      31
      31
      31
      31
      31
      31
      31
      31
      31
      31
      31
      31
      31
      31
      31
      31
      31
      31
      31
      31
      31
      31
      31
      31
      31
      31
      31
      31
      31
      31
      31
      31
      31
      31
      31
      31
      31
      31
      31
      31
      31
      31
      31
      31
      31
      31
      31
      31
      31
      31
      31
      31
      31
      31
      31
      31
      31
      31
      31
      31
      31
      31
      31
      31
      31
      31
      31
      31
      31
