94638080
84162560
84162560
84162560
94638080
84183040
63201280
94648320
84172800
52664320
63170560
73656320
52695040
63180800
52664320
63201280
52654080
52664320
84152320
84183040
63201280
42199040
94617600
52643840
94658560
73738240
52684800
52674560
52674560
63201280
94689280
42209280
63170560
199659520
73697280
73676800
63180800
52725760
84244480
52695040
42219520
31733760
73687040
73738240
73697280
63232000
94689280
42219520
73707520
52725760
63242240
42219520
84193280
63211520
52736000
63201280
52715520
42219520
42250240
52736000
31733760
73707520
52695040
42209280
52787200
42240000
52736000
63232000
84244480
52736000
63242240
84275200
31703040
42240000
42270720
42240000
42250240
42229760
52756480
42219520
31784960
42270720
42280960
42219520
63221760
42260480
42260480
42280960
42229760
42260480
42250240
42270720
84275200
73789440
42260480
42260480
42240000
63242240
31774720
31764480
63232000
63272960
42260480
42240000
52756480
63293440
42260480
52766720
42270720
52746240
52797440
52746240
42250240
52756480
42280960
73768960
63232000
73789440
52725760
73738240
73748480
52766720
31723520
42250240
63262720
42250240
42260480
52797440
52684801
52695041
63139841
52654081
94638081
52684801
94658561
63180801
52643841
63150081
73666561
63170561
42168321
73666561
52664321
52674561
63170561
84172801
63180801
52684801
63150081
73656321
73707521
42178561
52695041
52695041
94679041
105113601
42178561
42199041
52705281
42250241
52705281
42209281
42178561
42199041
73676801
52664321
63232001
84172801
52705281
52725761
52725761
52725761
52725761
73687041
115691521
73687041
42229761
63232001
73687041
52787201
105256961
42199041
52756481
73717761
84254721
73768961
84234241
63221761
63232001
42229761
42270721
31774721
42219521
63252481
42209281
73758721
52746241
126177281
42229761
42229761
31703041
52695041
52766721
63293441
42321921
42270721
52684801
52684801
52736001
42260481
42260481
52797441
63262721
42250241
42250241
31764481
52787201
63293441
31754241
42301441
52766721
84203521
52776961
42280961
31764481
52756481
42311681
42291201
42260481
84295681
42260481
52746241
52746241
42260481
42250241
63303681
52766721
42250241
42260481
42229761
63201281
42240001
52797441
52776961
63283201
31774721
31744001
31713281
63252481
31805441
42219521
42250241
42291201
52715521
73789441
42311681
52654082
73656322
52674562
94720002
73738242
73697282
94627842
73635842
73656322
52674562
73707522
52633602
73615362
42229762
73635842
63150082
63170562
94658562
73646082
63180802
63170562
52674562
63211522
42199042
42178562
73666562
42178562
63191042
63191042
52705282
94658562
52684802
52654082
52664322
73676802
42188802
52695042
52674562
52674562
52654082
63180802
63201282
84203522
42188802
42188802
42209282
115671042
63180802
73707522
73697282
42250242
52746242
94709762
63262722
73697282
42209282
52756482
42270722
63262722
42240002
63242242
73738242
52746242
52725762
42229762
52736002
42219522
52715522
52684802
52705282
52746242
63242242
52756482
42229762
31733762
52756482
42250242
52715522
42229762
73728002
63180802
52746242
31744002
42250242
52756482
42229762
42240002
52766722
52725762
84244482
52746242
31723522
52746242
42250242
52787202
63242242
42301442
52705282
42270722
42280962
52797442
52756482
42240002
42280962
42291202
52766722
42229762
52797442
63283202
42260482
42250242
84285442
31754242
52756482
52746242
42260482
63242242
31744002
42250242
31784962
31784962
73738242
31733762
52746242
52766722
31774722
42270722
52797442
105154563
63191043
52684803
63191043
115681283
178524163
105164803
63201283
63191043
52674563
52695043
94689283
105175043
63211523
73676803
52695043
105185283
52684803
52664323
42168323
63160323
52664323
73656323
115630083
84193283
63180803
42168323
63139843
52664323
52674563
42178563
52705283
52705283
63191043
63170563
157624323
52725763
63180803
73697283
73728003
52695043
42199043
52725763
52684803
42178563
94709763
52725763
42188803
52705283
52736003
52695043
52705283
73728003
42229763
42209283
42229763
84254723
52766723
42229763
31744003
42280963
63211523
31744003
42270723
84234243
42229763
42209283
63211523
31713283
63201283
73728003
31744003
105246723
52756483
52756483
63283203
52766723
42250243
63242243
42250243
52756483
84224003
52776963
73728003
31744003
31795203
31764483
42250243
52736003
31703043
42250243
52736003
52766723
73748483
42219523
42270723
42270723
31744003
42250243
42250243
52746243
52736003
52756483
42260483
52766723
42240003
31815683
42219523
73758723
52787203
52776963
42301443
52787203
31784963
52756483
52787203
42260483
42250243
31774723
42260483
52797443
73789443
52766723
31744003
31754243
31774723
73789443
52787203
52695044
73676804
63170564
84121604
73625604
63150084
73687044
63221764
52643844
52705284
63170564
63180804
94638084
52705284
42209284
63150084
63150084
73656324
63191044
52654084
63160324
63180804
52664324
42168324
63170564
63160324
42188804
42178564
63191044
73676804
52664324
42178564
52705284
73758724
52684804
42209284
52695044
52684804
84244484
42240004
52695044
52674564
63201284
52715524
73666564
52705284
42199044
42209284
31723524
52705284
42219524
73666564
42178564
73717764
31744004
42229764
105216004
42219524
42280964
73697284
42219524
73748484
42240004
42199044
52787204
42229764
42240004
42209284
63191044
63221764
52736004
73768964
42219524
52746244
42229764
42250244
52736004
52756484
84224004
42240004
42250244
84193284
42270724
42250244
52715524
94801924
42229764
63232004
63232004
42240004
42229764
42291204
73758724
52776964
42250244
52715524
52746244
31764484
42270724
31754244
52776964
52766724
73758724
84275204
73748484
42260484
31764484
31744004
42229764
52746244
42260484
42260484
42199044
42240004
52736004
63252484
31754244
63242244
52725764
42199044
42270724
52766724
52736004
42311684
73799684
42250244
42280964
63283204
63160325
63232005
84172805
42158085
94617605
63191045
115681285
52695045
73615365
63170565
63139845
52715525
115681285
52654085
63191045
63139845
42188805
42178565
63180805
63150085
63160325
63201285
63170565
84142085
52725765
52684805
42199045
52695045
63191045
84183045
63180805
84193285
73697285
94689285
42199045
52695045
42188805
84203525
63232005
52715525
63191045
52695045
73687045
52695045
84172805
52684805
52684805
52684805
42188805
52684805
42209285
42188805
52695045
63191045
52684805
73676805
42229765
84213765
52715525
52715525
31723525
52736005
52736005
42209285
42188805
52674565
42209285
42229765
52715525
42209285
31692805
63201285
42209285
84254725
52715525
42209285
63201285
52705285
115722245
42240005
52736005
42229765
42291205
42250245
73717765
42280965
42240005
42229765
52756485
42219525
42209285
42240005
42280965
42291205
42209285
84224005
52725765
42229765
42250245
42219525
31713285
63252485
42219525
42240005
42250245
42301445
52746245
31764485
52725765
31733765
63283205
31795205
31764485
31764485
52756485
52797445
42280965
63232005
52756485
52746245
42260485
42270725
42270725
52776965
52756485
42219525
52746245
63262725
73656326
63088646
63139846
52664326
73656326
63150086
84090886
63191046
126146566
94617606
73646086
126105606
42168326
73656326
63170566
94668806
52664326
42168326
73666566
63129606
52664326
94648326
73666566
42178566
52684806
63170566
42199046
52674566
52674566
73687046
63180806
63160326
42158086
63221766
52674566
94740486
73738246
52674566
115701766
52643846
94699526
42178566
42209286
73697286
52674566
42188806
63201286
42219526
42219526
84244486
63180806
73707526
63242246
42188806
42260486
73728006
52684806
52695046
52725766
42229766
31713286
63221766
52725766
42199046
52715526
31764486
42260486
42199046
42178566
73697286
42250246
52715526
52715526
52715526
42209286
42229766
42229766
42229766
42229766
84213766
42240006
73748486
42229766
52684806
52705286
63252486
94750726
52746246
31703046
42240006
42229766
31754246
84224006
52776966
63242246
31733766
52736006
42209286
42240006
52756486
42209286
31733766
42219526
42240006
42280966
84234246
42250246
31764486
63262726
31774726
42270726
52776966
42240006
31795206
42270726
52869126
42301446
52756486
42250246
31764486
52756486
42301446
42260486
42280966
31774726
42301446
52776966
63262726
63129607
84172807
52674567
84152327
63150087
136581127
84183047
63119367
52654087
52654087
52654087
157665287
52736007
52664327
73625607
84142087
42137607
52674567
63139847
52633607
52633607
42158087
63150087
63129607
52725767
52674567
52715527
52736007
94720007
73687047
94658567
105185287
52725767
63201287
52705287
42178567
52654087
63191047
52705287
63221767
42219527
52715527
42209287
52715527
73707527
42199047
42240007
42199047
52725767
73728007
42209287
52736007
63211527
31713287
84183047
52736007
31713287
52746247
42147847
52715527
42209287
42158087
84244487
31713287
63211527
42260487
126228487
52715527
52736007
52766727
52736007
42209287
63242247
63211527
52725767
52725767
31713287
52725767
42250247
31744007
52725767
52736007
52725767
31733767
52705287
42250247
63191047
63221767
31754247
42229767
42188807
42250247
73779207
52695047
94740487
52715527
31754247
63232007
31733767
42260487
42260487
42209287
31733767
42229767
63242247
42219527
52725767
31723527
31744007
42240007
31754247
31764487
42301447
42240007
31744007
42219527
52746247
52756487
42260487
73809927
63293447
31764487
63324167
31764487
31744007
52828167
52766727
52817927
115589128
84121608
63170568
136673288
126156808
84121608
52695048
42158088
73697288
63160328
73676808
84193288
94679048
63191048
73676808
63221768
105103368
63160328
84142088
84142088
63129608
63150088
157573128
52695048
63170568
73697288
42188808
84172808
52674568
63211528
63232008
73676808
63180808
73646088
52664328
84162568
84213768
42209288
73635848
63160328
94699528
126167048
52715528
73687048
52684808
52746248
84203528
42209288
73758728
84193288
42199048
52705288
31723528
84183048
42229768
73738248
42178568
63211528
73697288
52736008
73758728
31703048
31692808
52674568
73687048
52715528
73738248
42250248
52736008
42229768
42219528
31703048
42301448
42229768
42219528
63221768
63221768
63211528
52746248
52807688
31733768
31744008
63262728
63201288
42240008
42240008
94730248
63211528
42209288
42219528
52725768
42229768
31713288
42219528
73748488
42219528
42250248
31754248
63283208
52756488
52756488
52766728
63242248
42219528
52766728
52746248
42240008
42260488
63262728
52725768
42291208
42280968
63262728
52797448
42291208
73820168
42311688
42260488
52807688
42270728
52828168
31784968
42240008
73768968
42270728
42270728
31795208
42311688
63129609
63150089
115630089
73625609
52633609
52654089
105144329
84152329
73656329
52623369
52643849
73656329
94648329
73635849
42137609
94668809
42168329
52684809
52674569
63201289
52715529
63160329
126126089
52695049
84142089
73646089
73687049
42178569
42147849
105175049
84131849
73676809
63119369
94658569
63201289
63201289
63180809
42188809
63232009
52664329
42199049
84183049
42168329
52715529
63180809
63191049
52695049
63191049
52684809
52705289
52756489
52684809
52664329
73728009
52736009
52705289
31713289
31744009
42168329
84203529
52736009
52674569
42240009
52725769
63170569
63232009
42229769
31713289
63221769
63201289
105226249
42199049
73728009
52736009
52695049
63201289
42219529
42209289
42250249
42229769
52705289
42250249
52746249
52736009
52705289
42219529
42240009
31723529
52797449
52766729
42250249
42219529
63221769
63232009
42250249
105246729
42240009
42240009
52725769
42291209
63303689
42250249
52746249
42260489
52858889
42260489
31723529
52746249
42280969
42219529
42229769
31795209
52776969
31754249
73840649
31744009
31754249
52838409
42250249
63293449
42270729
73779209
31805449
52766729
42250249
42280969
63293449
31774729
115681290
73635850
126115850
73625610
84131850
63129610
73656330
94699530
73625610
84183050
105093130
73635850
94597130
52654090
94720010
73646090
63201290
84152330
126126090
63180810
63191050
84152330
52664330
52695050
63160330
63139850
105205770
84142090
42199050
84193290
63170570
73635850
52684810
73707530
42199050
63160330
63170570
63180810
42250250
42209290
63160330
42168330
63201290
52695050
73707530
84172810
52705290
31692810
52715530
105175050
73676810
52695050
42199050
63211530
31754250
52695050
63150090
73697290
63221770
52715530
73728010
63232010
31723530
42188810
157696010
157716490
52715530
42219530
52695050
42199050
52766730
42260490
63201290
52746250
52695050
31692810
52705290
42209290
63242250
52736010
63221770
42229770
31774730
73779210
42260490
84254730
42229770
42280970
52776970
73728010
63262730
42240010
31733770
42280970
42260490
52776970
52736010
84285450
63303690
42250250
42219530
42291210
63283210
31733770
73758730
52746250
52766730
42240010
42260490
63242250
31774730
42291210
52766730
31754250
73789450
42280970
42280970
63303690
42240010
42270730
31744010
42260490
42280970
42311690
31784970
31784970
31754250
31774730
94597131
84070411
147087371
73656331
84142091
73635851
84111371
52664331
63160331
115660811
52674571
63139851
63150091
73656331
105154571
63160331
52684811
84152331
73676811
63160331
63180811
63150091
73687051
52684811
63180811
42178571
84172811
52695051
73697291
52684811
42168331
73676811
94679051
105164811
63180811
52705291
52674571
84152331
42229771
94668811
63170571
73728011
42229771
73676811
73666571
42229771
63242251
42178571
63191051
31692811
84234251
31692811
42178571
52725771
42158091
42199051
94668811
63221771
52725771
63211531
42250251
52746251
94699531
52695051
63201291
42209291
52695051
52705291
42209291
42229771
52715531
42209291
31692811
63211531
31723531
63211531
42188811
42209291
52736011
63180811
42199051
73728011
42260491
52736011
42229771
52736011
42280971
52715531
31713291
42250251
63242251
52756491
52736011
31733771
31754251
42250251
42260491
42199051
52725771
52746251
52756491
42260491
42229771
31754251
52766731
52746251
42260491
42209291
31713291
42260491
42260491
42270731
52807691
42270731
42311691
52746251
42250251
63283211
31764491
73779211
42260491
42291211
31744011
42250251
42260491
52705291
42270731
42240011
63150092
52633612
105134092
63129612
84111372
73605132
63119372
73625612
136673292
73646092
52654092
84131852
52654092
105123852
94627852
52715532
63221772
84142092
63160332
42188812
94627852
126115852
42178572
94668812
63150092
52674572
63139852
63150092
73656332
94607372
52664332
73676812
157685772
63221772
42209292
73717772
73717772
73717772
105185292
94720012
126156812
105195532
52664332
52664332
52654092
42178572
63232012
73717772
42209292
84162572
52664332
31713292
105154572
73676812
52674572
52674572
73728012
42188812
52695052
42229772
42188812
42199052
52674572
52746252
73717772
52695052
42209292
63221772
73687052
42209292
52705292
31733772
63211532
31703052
63252492
52664332
31682572
52746252
52705292
42209292
52766732
31692812
52705292
52705292
63221772
73697292
84172812
73779212
52746252
73738252
42209292
52715532
52725772
31733772
42270732
42250252
42250252
52736012
73809932
42209292
84183052
31764492
42209292
42260492
31784972
52776972
52725772
31733772
52766732
42209292
42270732
52756492
42240012
42229772
31744012
42188812
31713292
31764492
31784972
42250252
42250252
42229772
42270732
52756492
31744012
42301452
31713292
31744012
105103373
73687053
52643853
84111373
115599373
94627853
63180813
84101133
63139853
73625613
63191053
52674573
73687053
63160333
84142093
94638093
115619853
52633613
73676813
73676813
73697293
73676813
52664333
84172813
52654093
73625613
105134093
94638093
63170573
42199053
73656333
84162573
73625613
73625613
63129613
52654093
52664333
52664333
73656333
52664333
52684813
84172813
63211533
42168333
63170573
73707533
52715533
52715533
52695053
63180813
52715533
42209293
42209293
52695053
42168333
52695053
73728013
52695053
42209293
42199053
94709773
52695053
31682573
42219533
63252493
42209293
84203533
42260493
63252493
31744013
84183053
42219533
84224013
31733773
31713293
63201293
42188813
63180813
52756493
52736013
52766733
42280973
31703053
73738253
73687053
42178573
105236493
52797453
31754253
42219533
42209293
52736013
52746253
42209293
42240013
31764493
73728013
42229773
42260493
52736013
94720013
31754253
52756493
31764493
31774733
42229773
73768973
42280973
63293453
31784973
63232013
52746253
73789453
31733773
63242253
42270733
31744013
52756493
52776973
31784973
31764493
42240013
52756493
52776973
31774733
52766733
31784973
42270733
52674574
105154574
52623374
63139854
126064654
73605134
73656334
73646094
94627854
105103374
73615374
84142094
94679054
73594894
84131854
73656334
63139854
73625614
73625614
63150094
73666574
52674574
63160334
52684814
126136334
94658574
84142094
94648334
105123854
52664334
63180814
105164814
73687054
84121614
73676814
63191054
52695054
94668814
42158094
105164814
73666574
63191054
52684814
73666574
63180814
63201294
63221774
63191054
94658574
52705294
42209294
94658574
42199054
63201294
73697294
42219534
63211534
63191054
52654094
42229774
42229774
63160334
31692814
73676814
52715534
63221774
42199054
42219534
73717774
42199054
73707534
73707534
63252494
73687054
73687054
52756494
73758734
52695054
31733774
52766734
63232014
52705294
42209294
42199054
73707534
42209294
42219534
52746254
31744014
73728014
63221774
31764494
31774734
52746254
42250254
42240014
94720014
42260494
42240014
52715534
52705294
52746254
42260494
42250254
73717774
42250254
42219534
52715534
31713294
42240014
42229774
42240014
52736014
52756494
42240014
52746254
31713294
52736014
31754254
42229774
42250254
42219534
42260494
42270734
52766734
52787214
31774734
84326414
94607375
84131855
73635855
63098895
73594895
105134095
94617615
84131855
84142095
73717775
126095375
84101135
52623375
147046415
73697295
73635855
126105615
94607375
52705295
52664335
63139855
136632335
73656335
63180815
73656335
157634575
52643855
73656335
73687055
84172815
63211535
52705295
126146575
73676815
52674575
63191055
115640335
73666575
63201295
52684815
84193295
94658575
52695055
84203535
42240015
42188815
42199055
73676815
31692815
52705295
42219535
73697295
73676815
84203535
115660815
84162575
73666575
63211535
73707535
63191055
52695055
42199055
52725775
42219535
42199055
42209295
63232015
73707535
42260495
73707535
42240015
52695055
42240015
63232015
42240015
105185295
52715535
42209295
63201295
73717775
52705295
42199055
52715535
31682575
84172815
52684815
52725775
31744015
63262735
42240015
42229775
52746255
52756495
42209295
42270735
52776975
42301455
63221775
42250255
63201295
52736015
63242255
42250255
94791695
52766735
52736015
42240015
73738255
31733775
31774735
63242255
63262735
63272975
42250255
52746255
42250255
42270735
31764495
52736015
52756495
42270735
42270735
42219535
42291215
31764495
42209295
31733775
42240015
105082896
84101136
94638096
105123856
84131856
94617616
63119376
63119376
73656336
63160336
73635856
73635856
63129616
94648336
84152336
105134096
94668816
84152336
63150096
105144336
63129616
52684816
94627856
73707536
63191056
73666576
73635856
52664336
63150096
52664336
42178576
73666576
94679056
52633616
63191056
73666576
84142096
136622096
52643856
73656336
73687056
63139856
52654096
63201296
63160336
52664336
52674576
84193296
63201296
105216016
63170576
52715536
63191056
63170576
84264976
52715536
42188816
52674576
73687056
84193296
52725776
63201296
42168336
63150096
42229776
42188816
63191056
42250256
42260496
31703056
42229776
42229776
52736016
52715536
63242256
52705296
42209296
42199056
84183056
84203536
52746256
42188816
52746256
31744016
42219536
63191056
52695056
31713296
42240016
42240016
42240016
42240016
73717776
42219536
31754256
42209296
52766736
31733776
31754256
42250256
84244496
42219536
42219536
42229776
63252496
42250256
52746256
52766736
73728016
42250256
52746256
52756496
31774736
31805456
42332176
42291216
63262736
73799696
42301456
42270736
42260496
42250256
84254736
42260496
52766736
42250256
42240016
52756496
105093137
63139857
126074897
73625617
94617617
63119377
94617617
73656337
115578897
84111377
52684817
52654097
105093137
73656337
73625617
63139857
105154577
84142097
105195537
52664337
73646097
147118097
84131857
73687057
84131857
52695057
73666577
63191057
105144337
63201297
63150097
63160337
52695057
63191057
63139857
115599377
52643857
63139857
52715537
94638097
94668817
63139857
63160337
52633617
42168337
52633617
84203537
52715537
73697297
63211537
84213777
52664337
52664337
52705297
94679057
52674577
84203537
73697297
52705297
42199057
73687057
63211537
63211537
63232017
63211537
52684817
42188817
63191057
42199057
42188817
31703057
63211537
73728017
52766737
52715537
42209297
63211537
42219537
84264977
42229777
63180817
42199057
52695057
42199057
42178577
84172817
105154577
42209297
42209297
31692817
63242257
52736017
21248017
42219537
31733777
31723537
42240017
52736017
42280977
52746257
42260497
31774737
42229777
63252497
63211537
42260497
42280977
52746257
42270737
84275217
52766737
42240017
31754257
31733777
63242257
42270737
52756497
52705297
42219537
31723537
73748497
42270737
42301457
42209297
42219537
31764497
42280977
42280977
84111378
115558418
84101138
63119378
73646098
73615378
94607378
63119378
94638098
94576658
94638098
84111378
63129618
136591378
84111378
115630098
126146578
94617618
63150098
73635858
73625618
63139858
84131858
63211538
94668818
73625618
94627858
73687058
52746258
42188818
52633618
84172818
63150098
63180818
42158098
52695058
52695058
63139858
73697298
73615378
52684818
52715538
94668818
63160338
52705298
31713298
105216018
73666578
52674578
63201298
84203538
42188818
73676818
136622098
52715538
52684818
42219538
84203538
63191058
63139858
42178578
73666578
73697298
52715538
52725778
42240018
42219538
63242258
73728018
63180818
126238738
73707538
42219538
42270738
52725778
42188818
73666578
73707538
84224018
42219538
31754258
31723538
63242258
52725778
31733778
73717778
63201298
84234258
31744018
73728018
52725778
84224018
63262738
31713298
94740498
52746258
42219538
52787218
31764498
42209298
52725778
84244498
52797458
42229778
42209298
42260498
42250258
84213778
31733778
42219538
42260498
42219538
52756498
42240018
42199058
42260498
63272978
52695058
63232018
52736018
42270738
52756498
42291218
42219538
31744018
42321938
84264978
63272978
94586899
115568659
84111379
105103379
105103379
115568659
94617619
52623379
84142099
73625619
84111379
105062419
105093139
94627859
73615379
84152339
63109139
105093139
63129619
63150099
126115859
73635859
73625619
73594899
63191059
73625619
126136339
84162579
73646099
52695059
73646099
63191059
105154579
84172819
84162579
63170579
52695059
42209299
52684819
42178579
52654099
94668819
52684819
73717779
63232019
63191059
84162579
63170579
63211539
42188819
73656339
63170579
63180819
73656339
52674579
52695059
52674579
31692819
73697299
52684819
63201299
84213779
63180819
42199059
42209299
42188819
52684819
84213779
52725779
52684819
52695059
42240019
52715539
73728019
52684819
52756499
63252499
42188819
52736019
52725779
52736019
73697299
63211539
63252499
63242259
42260499
63221779
42260499
42229779
126208019
52766739
52746259
52756499
42229779
42240019
52715539
31754259
63252499
42219539
42301459
73758739
42209299
52746259
52766739
31744019
42240019
63262739
42240019
42240019
42250259
52715539
31754259
31774739
31713299
42240019
31733779
42280979
42260499
31703059
42280979
42270739
42219539
63242259
63272979
52787219
42229779
42240019
52746259
73635860
115578900
63150100
115619860
73656340
126085140
73625620
168048660
94668820
84152340
136581140
94627860
73625620
73676820
84162580
63191060
63150100
73646100
84101140
52654100
84121620
63119380
147056660
94617620
63160340
94638100
52654100
42178580
115619860
73656340
105123860
84131860
73687060
73676820
42178580
115671060
105154580
94658580
94668820
63211540
52664340
73697300
52664340
94648340
84152340
52654100
63170580
73656340
105144340
84162580
63160340
84162580
52684820
42199060
52684820
63180820
52766740
42219540
94699540
52684820
42219540
84203540
84193300
73697300
42209300
52684820
52695060
31764500
105185300
52725780
52695060
63191060
94689300
42250260
52725780
73768980
84244500
52746260
42219540
42229780
42188820
52736020
63201300
52684820
31713300
42219540
52725780
42188820
42291220
52705300
42209300
42199060
73717780
63180820
31733780
73768980
52725780
42260500
63211540
52736020
63232020
52736020
52756500
31744020
42229780
42240020
73728020
42280980
63272980
31754260
52756500
63211540
63293460
31805460
31754260
31764500
42291220
31723540
94750740
42280980
52756500
42240020
31774740
42260500
42240020
31774740
52746260
31774740
94566421
94597141
136622101
84111381
73605141
157583381
94597141
73656341
63170581
84121621
73594901
84101141
73635861
63129621
126095381
84193301
126095381
73656341
73625621
52654101
136550421
63139861
63129621
52684821
63180821
63180821
63170581
73656341
84142101
147118101
94658581
73656341
136611861
52654101
136642581
52633621
52654101
126136341
126105621
42168341
52684821
63201301
42178581
84224021
73728021
63160341
63201301
42178581
73656341
63201301
52664341
126136341
52715541
52674581
63160341
42188821
115691541
52715541
52684821
73687061
52705301
73666581
105175061
52736021
63191061
52725781
42219541
63191061
42188821
52725781
31733781
84193301
52725781
42209301
52705301
31723541
94658581
73707541
94689301
52715541
52695061
52736021
52715541
63211541
42209301
63191061
31764501
52684821
63242261
42178581
42229781
52674581
42209301
84234261
42178581
42240021
84305941
73738261
42209301
52807701
42270741
42260501
52736021
31795221
52725781
42260501
42250261
73789461
94801941
52776981
42250261
42270741
42219541
42250261
31754261
42291221
42291221
31733781
52766741
31713301
31754261
63252501
31784981
42270741
52797461
31754261
52776981
31733781
73646102
84121622
105082902
126085142
84162582
84121622
94576662
94607382
115640342
63150102
105103382
105082902
73625622
63109142
105144342
94638102
63180822
105216022
63139862
63150102
84142102
84121622
147128342
84152342
63139862
94658582
52664342
73635862
126115862
136601622
94627862
63139862
42209302
84142102
73656342
42158102
73697302
52674582
42158102
126115862
42178582
63180822
94638102
63160342
73666582
63221782
63160342
52674582
73676822
63170582
73687062
63201302
73687062
105154582
73697302
63191062
73687062
42168342
52736022
52715542
73748502
52725782
84131862
52695062
73707542
52715542
52674582
63211542
63170582
42178582
63221782
52705302
52715542
52776982
42168342
73697302
94699542
52705302
42260502
42229782
63201302
73687062
94689302
31733782
52725782
42240022
42219542
31713302
42250262
52766742
42219542
52736022
52756502
63180822
52787222
73717782
52756502
63232022
52725782
52756502
31764502
31764502
42219542
73779222
52715542
52746262
52756502
42240022
52746262
63232022
52725782
52746262
42301462
31784982
52736022
63283222
63272982
42280982
31754262
52787222
42280982
73758742
42270742
63262742
42270742
94812182
42270742
42270742
84121623
94586903
94586903
94617623
168017943
94617623
63119383
115640343
63119383
126115863
94607383
63129623
73605143
63160343
94627863
84121623
94658583
157286423
84142103
105113623
73635863
73676823
73646103
94658583
94699543
115660823
105164823
73635863
63191063
94720023
52705303
63211543
52715543
73656343
84172823
73656343
73676823
73707543
94638103
115619863
94658583
73656343
63201303
63160343
63170583
42199063
105154583
63180823
63139863
42199063
52725783
63201303
63191063
63211543
94668823
42158103
63191063
63201303
31692823
52705303
52715543
63191063
105175063
42199063
94699543
136652823
126208023
63211543
63211543
52756503
63242263
73707543
42250263
42250263
52736023
31733783
42229783
63232023
42199063
84203543
73738263
136693783
73758743
42240023
42250263
73779223
42260503
52766743
52736023
42260503
52725783
42229783
63211543
42199063
52736023
52715543
63252503
52766743
31784983
52736023
42229783
42280983
52787223
52746263
63211543
63252503
63262743
42229783
63221783
31754263
42229783
52736023
42250263
42240023
31754263
31795223
73758743
31764503
31754263
42219543
52736023
31784983
84213783
42270743
42270743
63262743
52787223
31733783
105103384
94638104
73615384
94617624
105134104
94597144
199505944
105093144
126095384
105134104
73625624
84142104
84121624
63119384
126146584
63160344
115589144
105103384
73625624
63170584
94617624
94627864
63129624
52664344
52643864
115609624
94668824
52695064
94689304
94689304
42168344
52654104
94668824
84172824
73707544
63150104
63150104
94668824
73697304
42199064
126115864
84183064
42188824
52674584
63180824
52664344
52705304
73697304
126126104
63221784
42240024
63170584
63180824
84224024
94689304
52695064
63150104
52695064
52736024
73728024
105195544
52736024
84203544
42178584
63201304
31713304
94740504
63201304
84172824
52736024
73687064
63191064
52715544
63232024
31723544
63242264
63232024
42219544
136704024
52674584
63221784
63211544
52787224
84254744
52787224
52756504
42219544
42250264
52746264
42240024
42240024
52766744
52797464
84172824
42280984
52766744
52725784
63221784
42219544
52756504
73758744
42250264
31754264
52715544
84213784
42219544
115742744
52736024
63232024
31836184
63211544
63262744
63262744
63283224
42250264
42240024
52776984
42250264
42240024
52776984
31784984
31764504
31733784
31784984
63303704
42229784
115783704
42270744
105093145
94638105
105093145
84121625
115609625
115589145
105123865
126033945
115599385
84101145
105134105
105113625
84131865
63170585
94586905
84131865
52654105
52654105
73646105
73656345
52674585
94679065
126074905
84142105
73656345
63160345
42178585
84183065
73717785
63139865
52643865
84142105
136642585
105164825
63160345
52674585
84162585
52664345
42199065
73697305
63201305
105175065
52695065
73697305
84183065
73676825
63191065
94679065
73738265
84183065
63191065
73666585
52684825
73697305
84172825
63201305
52715545
42158105
73697305
42199065
63180825
31682585
63160345
73676825
42209305
42209305
63191065
31723545
52715545
94679065
52695065
31723545
42240025
52746265
94668825
52756505
52746265
42219545
42250265
42199065
73687065
63262745
42250265
31733785
42219545
94709785
42280985
42229785
63221785
63201305
52695065
63211545
52725785
42199065
42280985
42240025
52756505
42240025
31754265
42209305
73717785
63211545
63293465
84213785
31733785
63293465
52756505
31795225
63272985
42240025
94812185
52746265
31774745
42199065
31754265
63242265
73728025
84234265
42199065
31733785
31774745
73748505
31764505
63221785
42240025
52736025
42240025
42291225
94627866
84121626
105134106
73594906
73615386
126095386
84131866
84162586
105103386
84111386
63170586
115599386
105134106
126115866
84121626
94576666
84152346
84152346
115640346
84162586
84162586
84152346
63170586
73676826
52654106
73666586
73646106
63150106
73656346
94648346
52674586
73646106
52674586
84152346
63150106
73666586
73676826
84142106
73666586
42178586
73656346
84172826
94679066
94699546
136652826
63201306
63180826
52695066
84183066
84172826
94699546
63160346
42199066
31713306
42209306
52695066
52695066
73707546
63191066
73676826
73676826
63180826
84183066
42188826
42199066
42199066
73717786
52725786
52715546
73717786
52715546
52715546
63232026
42178586
63201306
52715546
73687066
52715546
52715546
63211546
73748506
42229786
42219546
105195546
94699546
63201306
31713306
73717786
42229786
42168346
42229786
63242266
126177306
31744026
52695066
63221786
52715546
84264986
42209306
52756506
73738266
94699546
42250266
42260506
42240026
42188826
63252506
31744026
63242266
42260506
52715546
52736026
84254746
42229786
105205786
31754266
52756506
42240026
94720026
52736026
52736026
52787226
31754266
52797466
73779226
52725786
52766746
42219546
105093147
115630107
115609627
115619867
94617627
84152347
94668827
94617627
94617627
136632347
52684827
94658587
84152347
73656347
73635867
63139867
73635867
136611867
63129627
157562907
52684827
63129627
105144347
115619867
73676827
73656347
52664347
94638107
115630107
63139867
84131867
94679067
73625627
63129627
94638107
73656347
63150107
63139867
42147867
84131867
94699547
115660827
52654107
94699547
115660827
42188827
42240027
63201307
42209307
42209307
52674587
73676827
52705307
52684827
73676827
52684827
52705307
52684827
52684827
52715547
63211547
63232027
31723547
73697307
84193307
63191067
63211547
63232027
52756507
52725787
42219547
52736027
63242267
63232027
52725787
52684827
42199067
42250267
63221787
73738267
105226267
52695067
42178587
42219547
84193307
42188827
31723547
42240027
52715547
52715547
42168347
73738267
42250267
42168347
63221787
63221787
42240027
52746267
42188827
52715547
73728027
31733787
52725787
42229787
63252507
52725787
73738267
63252507
52715547
42250267
52746267
42250267
31774747
52756507
52725787
42291227
52756507
73707547
84254747
52787227
42260507
42240027
63201307
42260507
94750747
63201307
42250267
52756507
115589148
94556188
94627868
115589148
136601628
73605148
115589148
52664348
94617628
84101148
73666588
136581148
63160348
94648348
94597148
63150108
94638108
63201308
63139868
94668828
105144348
63139868
105123868
63180828
84142108
126115868
63170588
73646108
63150108
84183068
73697308
73625628
115660828
63170588
105175068
52695068
73676828
52715548
42199068
42219548
52695068
84172828
42199068
63201308
63201308
94658588
63180828
63201308
52695068
94689308
42199068
63201308
52664348
84193308
42209308
52715548
52746268
73646108
52705308
63201308
84224028
84193308
52674588
63232028
42219548
84193308
63201308
52705308
84203548
73697308
73738268
42229788
31774748
31672348
52736028
84203548
63221788
73738268
52695068
52756508
52715548
63232028
42209308
42209308
63191068
52715548
105195548
42240028
42199068
42219548
52705308
63201308
52725788
63211548
63201308
42199068
73758748
73666588
73728028
31733788
63242268
52746268
42199068
63262748
42280988
52746268
52746268
52725788
31733788
42229788
31754268
73738268
52746268
42219548
63221788
52715548
84213788
42229788
52736028
31744028
31774748
63242268
52776988
42250268
42219548
42301468
42260508
63232028
126126109
94617629
63170589
115609629
84121629
115619869
115619869
73666589
63129629
94638109
63139869
84152349
94627869
126105629
73656349
94617629
115619869
52633629
84121629
84162589
105103389
42158109
84142109
84142109
84183069
52684829
73687069
52684829
94638109
126126109
63191069
63201309
63170589
52705309
52684829
84213789
73738269
52684829
94668829
73676829
115619869
42188829
84203549
42168349
73656349
73707549
42188829
42209309
115619869
73707549
52674589
94689309
52705309
73666589
42199069
52684829
31754269
42209309
63191069
52756509
42250269
31692829
63211549
94689309
105236509
63180829
42229789
42229789
42240029
84183069
42188829
63221789
73768989
42240029
31692829
73728029
31764509
42178589
42219549
63262749
42250269
52705309
42229789
42240029
42229789
52736029
84172829
94699549
42229789
52695069
42229789
126228509
42291229
31723549
63191069
52736029
52736029
73738269
52736029
84234269
73738269
42250269
31733789
52725789
73707549
31692829
31733789
52725789
42209309
52725789
52695069
52746269
63303709
52746269
42229789
42250269
31764509
42240029
52756509
52776989
52715549
52746269
42270749
42250269
52746269
73768989
42229789
52766749
105093150
84101150
73615390
84142110
126136350
84111390
63129630
94627870
84162590
105113630
73625630
63191070
136652830
73646110
105123870
73687070
52643870
84142110
52643870
42199070
94689310
105103390
73666590
63150110
52736030
73635870
84142110
52746270
63221790
52695070
52674590
94689310
52674590
52684830
73717790
42199070
52736030
105164830
94689310
42178590
73707550
42188830
73717790
105205790
63252510
52736030
63201310
84224030
42219550
42178590
52705310
63191070
42240030
42229790
52674590
52684830
52715550
73697310
63201310
31692830
31703070
52725790
63201310
63211550
42188830
63211550
42229790
42270750
115712030
63242270
52695070
42219550
73687070
31744030
73676830
73748510
63262750
63180830
31703070
52746270
31744030
42229790
84193310
63232030
42199070
52746270
42250270
42240030
42240030
73707550
42178590
31692830
63180830
52705310
31733790
73748510
42229790
42188830
42209310
42188830
52705310
52705310
42158110
63232030
52715550
63211550
52736030
31744030
63211550
63232030
42240030
31713310
42240030
52766750
42209310
52776990
52725790
63211550
73728030
84213790
42209310
42260510
42229790
42250270
63252510
42240030
73717790
52746270
105175071
94597151
63150111
94607391
126085151
63119391
63129631
84224031
126095391
126136351
73656351
73656351
52664351
73656351
52654111
84131871
84162591
147077151
84193311
63201311
94668831
84162591
73666591
63170591
105175071
73656351
73635871
73605151
84111391
52684831
52684831
115650591
52715551
52684831
31682591
63262751
52746271
63170591
73697311
94709791
63180831
52695071
31733791
63191071
42229791
94730271
105175071
52705311
42219551
52725791
63232031
84183071
31744031
52736031
31744031
63211551
31723551
42229791
42219551
52725791
42260511
52725791
31733791
42209311
52746271
52725791
84183071
52766751
63262751
31723551
63221791
63242271
63242271
42219551
52766751
63221791
63211551
115732511
52705311
42240031
63242271
42188831
52695071
52766751
42260511
52725791
42199071
63232031
73748511
31713311
31723551
63201311
42209311
94750751
73676831
42240031
63242271
52746271
52736031
63232031
73717791
42229791
63211551
42270751
52715551
52715551
52705311
84234271
63262751
52736031
63232031
42229791
52736031
42219551
31723551
42250271
42229791
42219551
52725791
63272991
42199071
84193311
52736031
63232031
42219551
42219551
52705311
52715551
