94720000
84244480
84224000
73758720
84213760
84254720
63262720
94709760
73758720
63211520
63232000
73728000
52756480
63252480
42250240
73738240
52725760
52725760
84234240
73758720
63272960
42260480
105185280
52715520
105236480
63324160
52736000
42260480
52746240
52807680
94760960
42270720
63252480
231229440
84254720
63272960
52756480
52797440
105267200
52766720
42270720
42270720
63262720
84305920
63272960
63303680
94781440
52787200
63293440
52807680
52828160
42270720
73799680
63272960
52797440
63272960
42301440
42301440
52797440
63293440
42270720
63293440
52746240
42280960
63313920
52787200
52797440
52797440
105297920
52797440
73799680
73871360
31764480
42280960
52828160
42301440
42321920
52776960
42352640
42301440
42332160
52817920
52828160
42270720
63313920
52807680
42332160
42352640
42280960
52807680
42280960
42311680
84357120
73891840
42321920
42332160
42311680
52828160
42301440
31825920
63303680
63354880
42321920
42301440
52828160
63354880
42321920
42342400
42321920
52817920
42362880
52807680
42301440
52838400
42321920
84346880
63272960
73871360
52776960
63334400
73799680
63313920
42270720
42291200
52869120
42321920
42321920
42393600
52756481
42260481
63201281
52705281
105226241
52756481
94740481
52766721
42229761
63232001
73728001
63232001
42229761
73738241
52725761
42270721
63242241
84234241
63242241
52756481
52736001
73738241
63283201
42260481
52756481
52746241
115742721
115681281
42240001
42250241
42301441
42332161
42270721
42260481
42240001
42260481
63262721
42260481
63324161
73779201
42280961
52766721
42291201
52797441
52797441
52776961
126279681
63283201
52776961
63303681
63272961
52828161
115834881
42250241
52817921
73799681
73861121
73850881
84326401
52797441
63313921
42270721
42311681
42301441
42270721
63354881
42250241
63354881
42301441
136765441
31795201
42311681
42250241
42280961
52838401
52869121
42383361
42321921
42270721
52756481
52807681
52817921
52828161
52869121
52838401
52787201
42301441
42311681
63344641
63375361
42301441
42373121
52828161
84285441
52817921
42332161
31836161
52828161
42352641
42362881
42311681
84377601
31825921
42311681
52817921
42332161
42311681
73861121
42321921
42311681
42321921
52766721
52797441
42301441
52869121
63324161
63354881
42311681
42291201
31774721
63303681
31856641
42291201
52787201
42362881
52776961
73871361
52869121
52725762
63252482
52725762
105267202
63324162
63303682
94699522
63232002
73738242
52756482
73789442
63180802
63211522
42280962
84193282
63221762
52766722
105226242
73717762
52766722
63232002
52746242
52787202
52746242
42240002
63252482
42229762
52766722
63262722
42301442
84244482
52756482
42240002
52736002
73758722
42240002
42291202
42240002
42250242
42229762
63232002
52756482
94760962
42260482
31764482
42260482
105297922
52787202
52828162
73768962
42291202
42321922
94791682
63334402
84254722
42260482
42352642
42332162
63334402
42280962
52838402
73789442
63293442
52787202
42280962
63293442
31795202
52807682
52736002
42280962
63293442
52838402
52828162
42291202
42270722
52838402
42301442
42311682
42291202
73799682
63221762
52817922
42301442
42301442
42342402
31805442
42301442
52869122
42291202
73820162
52817922
31764482
42342402
42321922
42362882
63324162
42373122
52756482
42332162
42332162
52879362
42332162
42321922
42342402
42332162
52838402
42291202
63344642
63344642
42332162
42311682
94863362
42291202
52828162
52828162
52817922
52838402
42280962
52797442
42342402
42311682
63324162
42270722
52807682
52838402
42321922
42332162
52889602
105236483
73728003
52736003
63232003
126279683
199608323
105256963
52787203
63262723
52725763
42260483
94750723
105256963
63303683
63272963
52756483
84295683
52746243
52746243
42250243
52756483
52736003
63262723
126177283
73789443
52776963
42229763
63232003
52736003
42260483
42240003
52766723
63242243
63252483
63242243
178718723
52766723
63252483
63293443
84305923
52787203
42260483
52766723
52776963
42229763
84316163
52817923
31764483
42280963
42342403
52766723
52756483
63344643
42291203
31774723
42311683
73871363
52838403
52787203
42270723
42362883
63272963
42280963
52797443
84326403
42270723
42260483
63283203
42240003
52807683
73820163
42270723
115834883
42321923
52838403
63365123
63303683
42301443
63324163
31805443
52828163
94791683
52848643
63344643
42270723
42342403
42301443
42321923
42311683
31744003
42301443
52807683
52838403
73820163
42301443
52828163
42332163
31795203
42321923
42321923
42332163
42311683
42352643
42321923
63303683
42280963
42352643
31764483
63385603
52848643
52879363
52858883
52858883
42342403
52838403
52869123
42311683
42301443
42321923
42311683
63354883
73850883
52848643
42301443
42301443
42311683
63365123
42352643
42270724
63262724
63252484
73717764
73707524
52715524
52797444
52828164
52705284
52776964
63221764
73748484
94709764
52817924
42280964
52756484
52756484
52776964
52766724
52715524
63232004
52756484
63211524
42229764
63252484
52746244
52725764
42240004
52787204
73758724
42250244
42240004
42270724
63354884
42260484
42270724
52776964
52766724
84305924
42321924
42270724
42240004
52787204
52787204
63262724
52766724
42280964
52776964
42260484
52776964
52756484
63272964
42240004
63324164
42291204
52797444
84377604
42280964
42332164
63293444
42280964
63354884
42321924
42229764
52848644
42291204
42291204
42280964
42291204
52807684
42321924
84336644
42280964
52807684
42280964
42321924
42321924
52828164
73820164
42311684
42311684
73779204
31825924
52817924
52776964
94904324
42301444
52828164
63313924
31815684
42270724
42352644
84316164
52879364
42311684
42301444
52787204
42280964
52828164
31795204
52869124
52838404
63385604
73902084
63344644
42332164
42301444
42301444
42291204
52817924
31825924
42321924
42270724
42301444
42311684
42373124
31795204
52838404
52807684
42270724
42311684
52828164
42311684
52838404
73881604
42321924
42352644
52889604
52756485
63303685
94730245
52725765
94720005
52776965
126238725
42270725
84183045
63232005
52725765
52756485
115793925
52736005
52797445
42260485
42250245
52736005
73728005
52736005
52756485
63283205
52776965
63262725
52787205
52746245
42270725
52776965
63262725
84264965
52787205
84285445
63283205
84285445
42250245
52776965
42250245
94781445
52817925
52766725
42332165
42280965
73799685
42270725
84264965
52725765
42270725
42250245
42250245
52756485
42270725
42260485
42291205
52776965
42291205
73768965
42311685
84295685
42280965
42311685
42260485
42321925
42311685
42270725
52746245
42260485
42280965
42301445
52787205
42270725
31764485
63283205
52746245
73830405
52807685
42270725
63283205
42270725
105308165
42321925
42321925
42301445
42362885
42321925
63324165
42342405
42311685
42291205
42342405
42280965
42250245
42301445
52848645
52869125
42280965
84295685
42311685
42291205
52797445
42301445
31764485
63324165
42291205
42311685
42311685
52848645
42342405
42321925
42301445
42270725
52869125
42352645
31825925
31825925
52828165
42383365
31846405
63293445
42342405
52828165
42321925
52817925
52848645
42373125
52817925
52756485
42321925
52858885
63242246
52684806
52725766
63211526
63262726
52746246
73717766
63283206
126238726
94699526
63232006
136744966
52695046
63252486
52766726
94750726
42250246
42229766
52766726
52715526
52736006
94730246
52776966
42270726
52746246
63242246
42250246
63232006
52756486
63303686
73738246
52756486
42229766
63262726
42270726
105308166
73799686
52736006
115814406
52746246
84316166
42229766
42291206
63324166
42229766
52746246
52807686
52766726
42270726
63375366
52787206
73768966
42342406
42250246
31815686
52848646
42270726
52756486
52807686
42321926
31754246
63283206
42332166
42270726
52787206
42301446
42321926
42270726
42250246
73768966
42332166
52807686
52776966
52776966
42270726
42301446
42301446
42311686
42301446
73809926
52807686
63324166
42280966
52756486
42280966
63344646
94832646
42332166
42250246
42301446
31784966
42291206
73820166
42373126
63324166
42311686
52797446
52766726
42321926
31866886
42250246
31795206
42301446
42311686
42342406
94832646
42311686
42301446
52869126
31836166
42321926
42362886
42301446
42352646
31856646
52961286
42352646
52817926
31825926
42321926
52817926
42373126
42311686
52848646
42311686
52869126
42352646
63344646
52736007
84244487
52715527
94730247
52736007
157716487
84275207
63191047
52715527
52736007
42229767
178780167
42280967
52756487
52746247
73758727
42219527
42280967
52736007
42229767
52705287
42250247
52736007
52725767
52776967
42240007
52797447
52787207
84336647
52776967
94760967
105297927
52797447
52797447
42301447
42250247
42240007
63272967
52776967
63293447
42291207
52797447
42291207
42291207
73789447
42270727
31815687
42280967
42311687
63334407
42280967
42321927
42321927
42260487
73758727
42321927
31774727
42311687
42219527
52797447
42280967
42229767
63354887
31805447
52797447
42332167
147312647
42301447
42311687
42321927
42321927
42270727
52848647
52807687
42311687
42332167
42250247
52797447
42321927
31795207
42301447
42332167
42321927
42291207
52787207
42311687
52776967
52817927
42311687
31784967
31774727
42291207
63395847
52766727
73871367
52787207
42321927
52848647
42301447
42332167
31856647
42270727
31774727
31815687
52838407
52766727
42301447
31774727
31815687
42311687
42321927
42321927
42352647
42301447
31795207
42280967
42342407
52838407
52817927
73902087
52869127
42301447
52910087
31836167
31815687
42393607
52838407
42414087
136673288
84183048
52766728
147251208
126218248
73707528
52797448
52715528
73758728
42270728
63272968
84275208
94760968
52776968
63262728
52828168
115671048
52736008
94730248
73758728
52715528
52725768
168171528
42291208
52776968
73779208
52725768
73779208
42250248
42332168
52817928
73758728
52776968
52746248
42240008
73738248
73820168
42291208
63242248
52746248
94801928
136734728
42280968
63293448
42260488
52828168
84275208
42260488
73830408
84295688
42250248
52787208
42270728
73799688
52776968
73809928
42240008
52817928
63313928
42301448
73850888
42229768
31744008
42260488
73779208
42301448
73840648
42332168
42311688
42280968
42291208
31764488
42362888
31805448
42280968
52817928
52797448
52807688
42342408
52879368
42280968
42270728
63354888
63262728
42311688
42291208
84346888
52807688
42280968
42260488
42301448
42311688
31784968
31795208
73850888
52787208
52828168
42291208
52889608
42332168
52828168
42332168
42362888
42270728
42352648
52807688
42311688
42321928
52869128
52807688
42373128
42342408
63344648
52858888
42362888
73912328
42362888
42321928
42393608
42342408
42424328
42332168
42301448
73861128
42321928
42342408
42362888
42362888
52715529
73676809
115752969
73717769
52705289
52705289
105267209
73768969
73738249
52705289
42229769
63242249
73768969
63232009
52705289
94771209
42240009
42260489
52746249
63272969
52776969
52766729
136724489
42291209
94699529
73728009
63262729
42260489
42219529
115763209
84213769
63283209
63201289
84254729
52807689
52797449
42291209
31764489
63313929
52746249
42260489
73789449
31733769
42301449
42291209
73768969
52756489
52797449
42270729
42270729
52828169
42280969
42250249
63324169
52828169
42301449
31774729
31805449
42240009
73799689
52807689
42260489
42321929
42332169
52766729
52797449
42301449
42250249
42342409
52797449
94842889
42280969
52838409
42321929
52776969
63293449
42291209
42270729
42321929
52776969
42291209
42321929
42352649
42342409
52766729
42280969
42311689
42270729
52848649
42352649
52807689
42280969
73789449
63303689
42311689
115834889
42291209
42301449
52797449
42332169
63395849
42332169
52838409
52828169
42475529
31866889
31795209
52817929
31866889
42291209
42280969
42321929
52838409
42311689
73922569
42291209
42321929
52899849
42321929
52879369
42352649
63365129
31877129
42373129
31815689
42362889
52879369
42311689
105287690
52746250
136744970
63221770
73728010
63170570
63262730
94781450
52725770
73748490
105205770
52746250
84213770
52715530
84336650
63252490
63303690
73758730
126238730
52776970
52776970
73738250
42240010
42260490
52756490
52715530
84336650
73758730
42270730
84254730
42291210
73717770
52766730
73799690
42270730
52766730
52766730
52766730
42332170
42280970
42291210
42219530
63272970
42260490
63334410
73779210
52787210
31744010
31825930
105277450
52766730
52776970
42270730
52807690
42291210
52776970
52756490
73789450
42311690
42280970
52858890
52817930
31784970
42250250
178810890
178821130
42321930
42301450
31805450
42260490
42332170
42301450
42291210
42332170
42280970
31754250
42311690
42280970
52828170
42332170
52797450
42301450
31825930
52920330
42311690
73861130
31815690
31866890
52848650
63324170
52869130
31836170
31795210
52828170
42321930
63334410
52828170
84377610
52899850
42342410
42280970
42342410
52869130
42270730
63354890
52828170
52838410
42311690
42332170
63313930
42321930
42352650
42362890
31825930
63375370
42352650
42352650
52889610
42311690
42342410
31805450
31836170
42352650
42403850
42321930
42342410
31825930
42352650
73707531
84152331
157685771
52756491
63272971
63211531
73717771
42260491
52756491
147230731
52736011
52736011
42260491
63283211
105226251
52746251
52756491
73748491
52797451
52746251
52787211
42240011
52807691
52776971
42280971
42250251
73779211
52766731
73779211
42260491
42250251
73768971
84285451
105256971
52776971
42301451
42260491
63272971
52787211
84264971
42280971
63313931
42301451
52797451
63252491
42301451
52838411
42250251
52797451
42240011
84336651
42250251
31764491
52776971
42240011
42260491
94760971
52787211
42291211
52807691
31846411
42342411
63344651
42270731
52807691
42280971
31784971
52787211
42291211
31825931
42301451
42260491
31744011
52807691
31784971
52838411
42240011
42280971
42321931
52797451
31784971
63303691
31836171
42332171
42291211
42321931
42352651
31825931
31764491
42332171
63344651
42342411
52817931
42270731
31805451
42342411
42332171
42260491
42301451
52817931
52828171
42332171
42311691
31805451
42352651
42332171
31846411
42280971
42260491
42332171
42321931
42342411
52879371
42342411
42373131
42332171
31825931
52879371
31836171
52889611
42352651
42373131
42301451
31815691
31856651
42260491
52817931
52787211
52756492
52725772
94760972
52725772
84203532
52695052
52715532
52736012
157808652
73728012
52715532
84234252
52725772
84275212
84234252
52756492
52807692
63262732
63221772
52766732
84234252
136724492
42240012
94760972
52725772
42260492
52736012
42250252
52787212
84213772
52736012
73779212
157777932
52807692
42260492
52817932
63313932
63334412
94791692
94781452
126259212
94801932
42260492
42250252
42240012
42240012
63293452
73799692
42301452
84264972
42240012
42270732
94760972
52797452
42260492
42250252
63324172
42260492
42291212
31846412
42250252
42270732
42270732
42332172
63334412
52776972
42280972
52817932
73768972
42291212
42301452
42270732
52817932
31774732
52848652
52756492
42229772
52817932
42311692
31795212
52828172
42229772
42280972
42291212
52828172
63313932
73809932
63385612
42332172
73820172
42280972
52797452
42311692
42301452
42342412
31846412
31825932
42342412
63436812
42280972
73789452
31805452
31784972
52817932
42332172
42362892
42321932
31784972
52869132
42280972
31856652
42352652
31836172
42280972
42301452
31774732
42270732
42321932
42352652
42332172
42321932
31836172
42332172
42352652
31805452
42383372
31764492
42301452
94740493
63283213
52705293
84183053
115732493
84244493
63252493
84172813
52715533
63201293
52787213
52725773
63313933
52736013
73779213
73768973
115701773
52705293
63262733
63262733
63303693
63272973
42260493
84264973
42240013
63221773
105236493
84244493
52766733
42260493
63252493
63293453
52746253
63232013
73687053
42240013
52756493
42260493
73748493
42250253
31774733
84264973
52797453
31733773
52787213
52817933
52797453
42311693
52776973
52776973
42311693
42280973
42291213
42280973
31744013
42280973
63344653
42301453
42280973
31754253
84326413
42280973
42219533
42270733
63354893
42260493
63324173
42321933
63334413
31805453
63313933
42270733
63354893
42270733
31784973
42342413
42240013
52766733
42362893
42301453
52828173
52817933
42260493
73830413
63252493
31774733
105349133
42383373
42301453
42280973
42280973
42321933
52838413
42280973
31846413
42321933
63334413
42301453
42342413
52807693
94832653
31815693
52838413
42311693
42332173
42301453
63375373
52828173
63385613
42321933
42332173
42342413
52930573
42260493
52838413
42373133
31795213
42352653
52889613
42311693
31825933
42301453
52838413
52869133
42311693
42352653
42352653
31866893
52746254
115752974
52695054
52725774
126208014
63221774
63242254
73748494
84234254
105175054
73707534
94679054
73830414
63191054
73738254
63252494
52746254
52746254
52746254
52736014
63283214
52756494
52756494
42270734
147210254
94771214
63262734
73768974
105216014
42250254
52756494
105267214
63262734
73728014
63242254
52787214
52776974
84285454
42229774
94791694
63262734
52776974
52756494
73768974
52766734
52787214
52828174
52787214
84275214
42291214
42270734
84285454
42260494
42311694
73789454
42291214
52797454
42332174
42229774
42311694
42311694
52776974
31744014
52787214
42301454
52817934
31784974
42280974
73820174
42280974
52817934
63303694
52848654
73779214
63293454
52817934
63365134
52766734
31795214
52838414
52828174
31795214
31805454
31784974
63303694
31784974
42311694
42342414
42280974
52848654
52817934
31836174
42321934
52817934
31825934
42332174
73850894
31846414
31825934
42301454
42301454
42332174
42342414
42311694
52838414
42342414
42301454
42332174
21278734
42311694
42301454
52787214
42321934
42352654
42321934
42362894
31754254
52807694
31815694
42301454
31805454
42291214
42311694
42342414
42352654
42403854
42332174
73973774
73717775
73717775
73707535
52684815
63201295
105256975
94720015
73748495
84234255
63303695
136693775
63221775
52695055
147138575
63293455
63232015
115722255
94699535
52756495
42270735
52736015
147220495
52787215
52766735
52756495
157767695
52695055
52756495
63293455
73799695
52766735
52797455
136744975
63272975
42270735
42301455
105246735
63252495
42301455
42260495
73809935
84264975
42291215
73820175
31815695
42260495
42270735
63262735
31744015
42270735
42270735
73799695
63272975
73799695
115793935
73779215
84244495
52807695
52838415
63272975
42280975
31764495
42321935
42291215
42270735
42260495
52817935
52807695
42342415
63293455
42332175
42301455
42301455
52838415
31856655
115793935
42280975
31784975
52776975
63324175
42301455
31764495
42311695
21248015
63303695
42250255
42332175
31825935
52848655
42301455
31836175
42321935
42362895
42280975
42373135
52858895
42352655
52817935
42311695
63272975
52828175
52848655
42332175
84408335
52828175
52807695
42311695
52869135
31795215
42332175
42352655
52858895
52869135
31856655
42342415
42321935
42352655
42321935
42311695
42332175
42362895
31866895
42301455
42383375
42311695
42291215
31784975
42291215
94699536
63221776
84254736
84254736
63242256
84213776
63211536
52715536
63242256
52746256
52736016
63242256
63201296
84264976
73768976
84254736
94750736
63262736
63232016
84295696
52695056
52776976
84224016
63303696
42291216
63303696
52756496
42260496
42260496
42260496
42240016
63252496
94791696
31733776
42280976
52776976
63252496
147220496
42240016
52746256
63262736
42229776
42260496
52817936
42250256
52746256
52766736
84285456
52787216
94812176
52766736
42332176
63262736
52756496
73850896
42311696
42270736
52756496
52807696
73799696
42301456
52776976
31774736
42250256
42311696
31764496
31846416
42321936
31846416
31744016
42311696
42311696
42311696
52797456
42362896
31795216
42291216
31764496
63283216
63324176
42373136
31764496
42342416
42301456
31805456
52776976
31805456
42240016
42332176
42311696
31836176
42311696
52848656
31805456
31825936
42270736
42373136
31805456
42321936
42311696
63365136
42280976
31795216
42291216
42362896
31846416
42342416
42352656
52828176
42321936
42332176
52828176
42321936
31866896
42383376
42362896
63334416
63395856
42373136
42342416
42332176
42332176
73881616
42332176
52858896
42301456
42301456
52838416
105195537
73687057
136714257
63211537
73748497
52684817
84254737
63252497
105205777
63242257
52766737
52705297
94771217
63252497
63221777
52725777
105256977
52766737
105277457
52736017
52766737
136734737
73728017
63283217
63252497
52766737
52776977
52787217
105246737
52797457
42240017
52756497
42280977
42291217
52725777
115722257
42209297
42250257
42311697
73768977
73799697
52695057
52766737
42219537
42250257
52705297
63344657
42301457
52838417
42301457
73840657
42260497
42260497
52766737
73809937
42250257
84295697
63293457
42291217
31784977
52807697
42321937
42301457
52817937
42311697
42280977
31784977
52797457
42260497
42260497
31764497
52807697
52858897
52828177
42301457
31795217
52807697
42291217
63385617
31805457
63252497
42260497
31784977
42280977
31774737
73779217
94781457
42280977
31795217
42240017
52848657
42332177
31784977
31795217
31815697
31795217
42291217
31846417
42342417
42342417
31846417
42332177
42301457
63344657
52797457
42332177
31846417
42332177
42352657
73881617
42352657
31836177
31836177
31805457
42373137
42342417
52838417
42270737
42291217
42270737
73830417
42332177
31907857
42280977
42291217
31815697
42362897
42352657
73717778
136652818
84193298
73666578
63262738
63211538
63232018
52725778
84254738
94658578
84213778
63252498
42229778
126228498
73707538
105226258
126248978
73728018
42270738
63201298
52766738
52736018
63262738
52797458
84275218
73707538
84234258
52787218
42352658
42250258
42219538
73768978
52746258
52766738
42229778
42291218
42291218
42260498
63303698
52725778
42280978
52766738
73820178
52746258
52787218
42250258
94832658
52776978
31774738
52787218
63303698
31774738
73768978
136734738
31825938
42291218
42301458
52848658
52787218
52736018
31764498
63272978
52797458
42291218
42311698
42291218
31815698
52828178
63334418
52776978
126371858
63313938
31805458
42332178
42301458
31774738
63272978
63313938
63334418
31805458
31805458
31784978
52838418
42321938
31805458
63313938
42311698
63354898
31795218
63293458
42342418
52838418
52858898
42250258
84367378
42342418
31805458
52858898
31815698
42280978
31846418
73850898
42383378
42321938
42280978
42332178
42332178
63344658
31784978
31784978
31856658
42301458
42342418
42301458
31795218
42311698
52889618
42280978
42342418
42321938
42332178
42321938
42342418
42291218
31805458
42403858
73891858
52889618
73707539
105164819
73717779
73758739
94709779
115671059
73758739
52695059
73728019
73717779
63211539
105154579
94709779
73758739
63211539
73768979
42219539
94699539
63191059
52725779
115742739
52776979
52736019
52715539
63272979
52725779
115752979
63293459
52746259
42270739
63272979
63272979
94760979
63313939
63283219
42291219
42280979
42280979
52736019
42240019
42229779
84275219
42260499
63324179
63303699
42301459
63272979
52776979
52807699
42250259
52766739
52756499
52787219
52766739
42270739
42291219
52756499
42240019
63293459
52756499
52797459
63324179
52787219
42270739
42280979
31764499
42260499
63324179
42301459
42270739
42301459
31836179
42301459
52848659
52766739
42342419
52848659
42250259
52807699
31836179
52817939
63293459
52797459
52858899
42352659
31856659
52817939
42332179
42291219
136806419
42373139
42332179
31866899
42291219
31805459
42311699
31795219
52848659
31815699
42373139
52869139
31784979
52817939
42383379
31805459
42311699
42383379
31825939
42311699
42311699
42301459
42321939
42332179
42270739
42301459
31774739
42373139
31856659
31774739
31866899
42342419
42280979
42362899
63344659
42373139
31795219
42332179
42332179
73697300
115681300
63232020
115752980
73717780
115712020
73707540
178688020
84285460
84213780
136704020
73768980
63211540
63272980
63293460
63272980
52725780
52746260
63211540
42250260
52756500
42219540
157696020
84234260
42280980
63272980
52725780
42229780
94771220
73758740
94730260
73728020
52797460
63252500
31744020
105277460
105236500
63313940
84295700
52787220
42250260
63303700
42250260
73768980
73738260
42250260
52746260
63262740
94760980
73768980
52746260
73768980
31784980
42270740
52756500
63252500
42373140
42280980
73830420
42280980
42291220
63303700
63324180
63272980
31805460
42260500
31795220
42311700
94801940
42332180
42291220
42311700
94781460
42332180
42301460
52879380
84316180
42352660
42291220
42301460
31764500
42332180
52807700
52756500
31795220
31795220
42301460
31784980
31866900
42291220
31805460
31774740
73830420
42291220
42280980
52889620
42332180
42332180
52807700
42321940
42342420
52817940
42352660
42291220
31815700
42301460
63334420
31846420
63365140
42311700
42352660
52807700
52899860
31856660
31836180
31825940
42373140
42270740
84357140
31846420
42352660
42301460
31846420
31866900
42311700
31856660
42352660
42321940
84152341
84193301
126248981
73717781
73687061
168171541
84213781
63272981
63221781
84183061
52705301
84203541
52746261
63191061
136724501
73820181
136693781
63262741
52736021
42229781
147159061
63221781
42229781
42280981
63252501
52766741
52736021
52776981
73728021
136755221
73789461
52776981
147230741
42219541
147230741
42209301
42250261
115742741
115732501
42219541
42280981
52787221
42250261
73840661
52817941
52776981
42311701
31754261
52787221
52807701
42250261
115773461
42280981
42270741
52746261
31774741
94822421
52787221
42280981
52817941
42270741
52776981
105267221
42311701
52766741
42332181
42280981
52797461
42250261
42311701
31784981
84285461
42332181
31774741
52776981
42291221
73779221
52828181
84316181
42301461
31805461
42321941
52787221
42332181
42270741
52787221
42321941
31784981
42362901
31754261
42280981
42270741
31795221
63365141
42260501
31805461
63447061
63334421
42270741
42424341
42311701
42352661
42321941
31846421
42301461
42342421
42301461
63375381
73922581
52858901
42321941
42362901
31815701
31825941
31836181
42362901
42362901
31795221
52848661
31784981
31825941
52848661
42342421
52807701
42393621
42301461
42362901
31795221
73728022
63232022
105185302
115681302
73758742
63221782
94679062
94720022
105267222
63201302
84224022
105195542
63221782
52684822
94771222
84224022
52776982
94812182
42240022
52746262
73758742
73738262
147220502
73758742
52746262
84285462
52725782
63221782
115742742
136724502
94709782
52736022
31795222
63272982
52766742
31713302
63313942
52756502
42219542
115732502
42260502
52787222
84224022
42260502
52787222
52817942
52746262
31784982
42311702
42260502
73779222
42301462
52797462
94750742
42321942
52776982
42321942
31744022
52828182
42280982
52879382
52787222
63252502
42270742
52838422
31815702
42270742
52817942
52756502
42250262
52817942
42280982
52787222
42383382
42229782
52807702
73820182
31815702
31825942
42311702
52817942
52797462
84295702
31784982
42332182
42311702
42291222
31774742
42311702
42342422
31805462
63293462
42352662
52776982
42383382
63303702
52807702
52838422
52797462
42362902
42311702
31836182
42280982
63406102
42291222
42332182
42342422
42311702
42342422
42352662
42301462
42362902
42373142
31856662
42311702
52889622
52848662
42362902
31815702
52858902
42362902
63375382
42321942
42393622
42342422
84449302
42332182
42342422
73697303
94679063
94679063
94679063
178688023
73738263
63191063
105277463
52715543
136714263
94689303
52725783
63232023
63252503
94699543
63242263
73779223
136663063
63252503
84254743
52736023
52787223
52756503
84275223
73820183
84336663
94750743
52725783
42321943
63354903
52756503
63272983
52797463
63242263
63272983
52756503
63283223
52817943
73748503
105236503
84275223
42270743
52807703
42250263
42291223
42250263
94760983
52756503
52725783
31774743
31825943
52807703
42280983
52807703
73789463
42240023
52787223
63262743
31744023
42280983
31836183
42311703
94791703
42270743
84295703
136724503
126310423
42321943
42321943
42321943
42352663
52817943
42311703
31856663
42321943
31805463
31825943
52817943
31774743
63334423
52858903
147271703
63344663
42311703
31836183
63375383
31825943
42352663
52828183
42342423
42321943
42301463
52807703
31774743
42321943
42291223
42383383
52828183
42342423
42332183
42301463
42352663
42383383
52807703
52807703
42373143
42383383
42301463
52817943
42301463
31795223
42321943
42342423
31825943
31825943
42342423
63354903
31846423
42311703
31784983
42342423
31846423
63313943
42342423
31866903
42373143
52869143
42280983
94740504
94699544
73707544
94679064
94750744
84213784
231116824
84203544
126187544
105185304
63232024
73738264
84213784
63191064
115783704
63242264
115691544
84234264
63211544
63242264
84213784
84234264
52705304
42240024
42229784
105246744
73768984
52756504
94791704
63313944
42219544
42240024
84285464
84244504
52817944
52746264
42260504
84264984
52828184
42260504
115722264
63293464
42280984
42270744
52787224
52736024
42301464
63313944
105256984
52807704
31815704
52766744
42291224
73840664
73809944
52776984
42260504
31784984
42321944
73789464
94801944
42321944
63324184
31764504
42311704
31764504
84357144
52797464
63283224
42301464
63313944
42291224
52807704
42301464
31795224
52848664
52817944
42291224
136816664
42260504
42332184
42321944
42383384
63354904
42383384
42332184
42291224
31846424
31856664
42291224
42332184
42342424
42393624
63262744
42383384
52848664
42321944
42342424
31795224
31846424
52879384
31846424
31825944
52787224
73799704
42270744
94863384
42311704
42352664
42373144
52817944
52869144
63334424
42424344
42321944
31815704
52869144
31825944
42280984
52858904
31846424
31805464
31795224
31825944
42434584
31825944
94955544
42352664
94699545
84224025
84213785
63232025
115712025
105195545
94740505
105164825
115712025
52746265
84254745
94730265
63232025
63232025
84183065
63232025
52715545
42240025
63201305
52776985
42260505
73830425
115701785
73748505
63272985
42301465
31754265
73758745
52858905
63211545
42209305
63252505
136765465
94781465
52776985
52736025
63293465
31754265
31774745
63262745
52797465
84316185
42270745
52797465
63293465
42321945
52766745
73799705
52879385
52807705
52776985
63262745
42270745
63293465
63283225
52766745
42311705
31733785
52828185
42270745
42280985
31744025
52756505
63272985
31805465
42280985
42270745
31774745
42311705
73809945
42291225
31784985
31825945
42332185
73789465
42362905
42321945
31805465
42332185
42270745
63272985
42362905
42311705
42291225
42291225
73830425
42352665
31825945
42352665
42291225
42280985
52817945
31815705
42270745
42362905
31815705
42342425
42280985
42311705
31784985
52858905
52807705
63406105
52848665
31795225
52869145
52838425
31856665
52879385
42311705
73953305
42342425
31846425
42270745
31795225
52858905
52838425
63375385
31784985
42280985
31825945
63354905
42311705
52828185
42311705
42332185
42291225
42383385
94709786
73717786
94740506
63201306
63211546
136673306
63242266
73758746
94709786
73707546
63232026
115681306
84264986
115752986
63252506
73687066
73738266
63272986
126248986
63283226
63283226
73738266
63242266
52797466
42229786
63272986
63232026
63232026
63262746
84264986
42250266
63272986
52746266
94720026
52736026
63272986
52787226
73758746
63262746
31774746
63242266
63303706
84295706
73789466
115783706
52766746
52756506
42291226
63324186
52807706
63365146
42270746
42270746
31754266
42280986
42260506
42301466
52828186
52797466
52787226
52787226
42280986
73768986
42250266
42270746
42260506
73799706
42321946
42301466
63313946
42311706
31836186
42352666
31764506
52797466
52797466
63293466
52797466
31836186
52787226
52879386
31825946
31795226
84326426
94781466
42311706
42260506
73768986
31815706
42229786
42301466
52828186
136755226
31805466
42291226
52828186
42291226
63395866
42260506
52828186
63344666
84326426
42301466
42342426
42311706
42250266
63344666
31805466
42352666
31825946
42332186
42342426
73871386
42270746
84336666
31815706
42352666
42301466
73871386
42301466
52817946
52869146
31815706
42383386
52889626
42321946
42342426
42280986
94689307
115722267
105216027
105236507
84213787
73738267
73779227
84224027
73728027
136785947
52756507
73789467
63262747
52766747
52705307
63211547
63221787
126228507
42240027
157685787
52746267
63211547
84254747
105236507
84234267
63252507
42260507
84234267
126228507
52725787
63252507
73809947
52736027
42250267
84264987
63252507
42250267
42240027
42219547
63252507
84326427
115763227
42250267
94801947
105256987
42270747
42301467
42291227
42280987
42270747
42270747
73758747
42291227
42270747
63283227
42280987
42291227
42270747
42260507
52787227
52807707
42362907
31784987
52797467
73799707
52787227
52817947
52817947
31877147
42301467
42301467
42321947
52838427
52817947
42321947
42280987
31795227
31825947
42321947
63334427
94853147
52766747
31754267
52776987
63324187
42270747
42291227
42291227
31815707
31805467
31754267
52848667
31836187
31774747
42321947
42342427
31825947
42342427
31764507
42291227
52848667
31805467
42301467
42301467
42362907
42301467
52848667
52858907
31805467
31825947
42342427
31815707
31825947
42332187
42311707
31877147
42332187
63313947
63395867
42393627
31846427
31815707
42311707
42311707
52920347
52797467
42332187
42342427
105226268
84152348
73758748
115660828
136724508
73666588
105205788
52736028
73748508
63201308
73738268
136714268
63221788
73779228
73728028
52746268
73758748
63293468
52736028
84264988
84254748
63221788
94730268
42291228
73768988
115722268
63232028
63262748
52746268
52828188
63293468
63211548
94801948
52766748
84316188
42270748
52817948
42291228
31795228
42280988
52766748
63293468
42250268
42301468
52797468
84275228
42291228
52807708
42270748
73830428
31764508
52828188
52725788
73799708
42260508
42321948
42332188
63242268
42291228
52776988
73840668
63313948
42280988
42342428
42291228
84264988
52797468
42280988
63334428
52807708
73830428
42301468
42332188
31733788
42311708
73820188
52807708
63334428
42301468
42342428
52797468
42321948
42280988
31784988
42311708
42311708
94812188
31825948
31774748
42291228
42291228
52797468
42321948
52807708
52787228
42291228
63365148
52766748
52848668
42270748
42362908
52817948
42270748
52848668
42352668
42332188
52828188
42311708
31795228
42301468
31825948
52848668
42352668
42291228
52807708
42291228
63344668
42301468
42332188
31795228
42332188
52848668
52848668
42332188
42291228
42383388
42321948
52838428
136724509
94689309
63242269
105226269
84203549
115722269
105246749
63262749
52725789
84224029
63201309
73748509
73738269
126228509
63262749
73748509
94750749
52705309
63252509
63293469
84213789
52705309
63262749
63252509
52838429
42280989
52797469
52756509
73779229
115732509
63272989
52776989
52766749
42280989
42270749
63324189
52858909
52766749
84285469
52807709
94760989
31784989
73799709
31744029
52787229
52797469
31774749
42280989
105246749
42332189
31764509
94781469
31795229
52787229
31784989
42260509
42301469
31784989
42311709
42342429
42321949
31744029
42332189
63334429
84377629
42311709
31815709
42301469
42321949
63303709
42250269
52787229
52879389
31815709
31754269
52848669
31825949
42270749
42291229
42352669
42321949
42291229
42291229
31836189
31825949
42332189
63293469
84316189
42311709
52756509
42301469
136837149
42342429
21299229
52797469
52817949
42332189
52879389
31836189
73840669
63334429
31846429
31764509
52807709
52817949
31754269
31805469
42332189
42280989
42311709
31815709
42332189
52910109
52817949
42291229
31836189
42321949
31836189
42352669
42342429
42291229
42332189
42332189
31846429
52817949
52899869
42311709
52858909
94709790
73717790
63211550
84213790
105267230
73717790
52725790
73758750
73758750
105205790
52736030
63242270
126289950
52756510
84244510
63283230
42229790
73748510
52725790
42250270
84316190
84224030
63262750
52746270
52807710
52746270
73738270
52817950
42321950
42291230
42270750
73809950
42280990
42250270
63324190
31774750
42332190
105256990
84326430
42260510
63293470
31764510
63313950
94812190
52848670
42321950
52828190
52869150
42311710
31754270
42301470
42301470
42321950
31825950
42270750
42270750
42301470
63293470
52797470
31764510
42260510
42321950
42301470
52817950
42260510
42332190
42291230
31825950
105359390
52848670
42280990
42311710
63262750
42311710
63272990
52848670
52858910
52776990
31764510
42342430
42291230
42291230
63303710
52848670
42260510
42332190
31836190
31836190
42291230
42332190
31744030
21258270
42301470
52797470
42280990
42393630
31805470
42260510
42270750
31764510
42311710
42311710
31733790
42352670
42321950
52817950
42321950
31795230
52817950
42332190
42311710
42260510
42301470
42352670
42280990
52869150
52797470
42332190
63324190
63344670
42270750
42342430
42301470
42311710
52869150
31825950
63324190
31877150
105246751
84213791
52766751
73717791
115701791
63191071
63211551
84326431
126197791
126238751
63252511
63262751
52736031
52766751
42219551
73728031
63293471
157665311
73789471
63272991
84285471
63283231
63252511
52756511
84305951
63252511
52746271
63211551
63242271
42270751
42280991
105236511
42280991
42270751
42229791
52869151
52817951
42291231
52817951
73850911
52766751
42260511
42250271
42291231
42321951
63406111
94812191
42311711
42291231
42311711
42342431
73799711
42301471
31836191
31815711
52817951
31784991
42301471
42280991
42311711
31856671
42321951
42301471
52756511
52828191
52797471
63313951
42342431
52869151
42270751
42332191
52848671
42373151
31815711
42332191
52817951
42321951
115855391
31815711
42301471
52848671
31774751
42280991
42362911
42321951
52817951
31795231
42342431
52879391
31784991
42250271
42321951
31795231
84408351
63283231
42291231
63324191
42352671
31856671
52828191
52828191
31815711
52807711
31856671
52807711
42301471
42280991
63354911
52869151
42332191
42342431
42311711
52807711
42301471
42280991
42342431
31805471
42301471
42321951
42414111
42260511
84305951
42352671
42373151
31784991
42280991
42291231
42321951
