94730240
73779200
73748480
63293440
84224000
94760960
63272960
84234240
63293440
52736000
52756480
73738240
52776960
52776960
42260480
73748480
52736000
42250240
63272960
73779200
52797440
52756480
94720000
52725760
94760960
63334400
52746240
42270720
52756480
52817920
73799680
42280960
52776960
199792640
84264960
63283200
52766720
42321920
84305920
52776960
42280960
42280960
52787200
84316160
52797440
63313920
73820160
42311680
63313920
52817920
52838400
42280960
73809920
52807680
52807680
63283200
42311680
42311680
42321920
42332160
42280960
52817920
42270720
42291200
52848640
52797440
42321920
52807680
84336640
52807680
63324160
73881600
31764480
42291200
52838400
42311680
42332160
52776960
52858880
42311680
42342400
42342400
42362880
42280960
73809920
52817920
52828160
42362880
42291200
42332160
42291200
42321920
73891840
63416320
31846400
42342400
42311680
52838400
42311680
42321920
52828160
63365120
42332160
42311680
52838400
52889600
42332160
42352640
42332160
52828160
52858880
52817920
42311680
42362880
42332160
73871360
63283200
73891840
52787200
63344640
63324160
52848640
31795200
42301440
52879360
31846400
42332160
52889600
52766721
52766721
52725761
42229761
105246721
52776961
84275201
52776961
42240001
63252481
73738241
52766721
42250241
52776961
42260481
52766721
63252481
84254721
52776961
42280961
52746241
52776961
63303681
42270721
52766721
52756481
94791681
105205761
52736001
42260481
42321921
42342401
42291201
52756481
42250241
42270721
52787201
42270721
52858881
73789441
42291201
52776961
52787201
52807681
63293441
63283201
115814401
52807681
42311681
52828161
63283201
52848641
94873601
42260481
42352641
63334401
73871361
73871361
73850881
52807681
73809921
42280961
42332161
42311681
42280961
52879361
42260481
63375361
42311681
115814401
52776961
52807681
42260481
42291201
52848641
52879361
52879361
42332161
42280961
42280961
52817921
42342401
52848641
52879361
63334401
52807681
31825921
42321921
52879361
63385601
42311681
42383361
52838401
73809921
42352641
42342401
42332161
52848641
52848641
42373121
42321921
73912321
42321921
52807681
52838401
42342401
42321921
73881601
52828161
42321921
42342401
52776961
52807681
42311681
42403841
52848641
63365121
42321921
42301441
31774721
52828161
42352641
42301441
42311681
42373121
42301441
63395841
52879361
52736002
52787202
52746242
94801922
73820162
63313922
84224002
52756482
73748482
52776962
63313922
52705282
52736002
52787202
73717762
52746242
52776962
94750722
52756482
52776962
52766722
52756482
42311682
42270722
42260482
52776962
42240002
52787202
63272962
52797442
84264962
52766722
42260482
52746242
63293442
42250242
52787202
42260482
52746242
42240002
63242242
63262722
84295682
42270722
42270722
42270722
94822402
52797442
63324162
63293442
42301442
42332162
84316162
52869122
63293442
42270722
42362882
42352642
52869122
42291202
52858882
63324162
52828162
52797442
42291202
52817922
42301442
52817922
42260482
42291202
52828162
52858882
52848642
42311682
42280962
52848642
42311682
52807682
42301442
63334402
84203522
42342402
31836162
42311682
52838402
42301442
31825922
52879362
42301442
63344642
52828162
31774722
52838402
42332162
52869122
52858882
52879362
42280962
42352642
52838402
42403842
42342402
42332162
42352642
42342402
42362882
42301442
52869122
52879362
31866882
42321922
84387842
42301442
52848642
42352642
52828162
52858882
31805442
42321922
42352642
42321922
63334402
42280962
52817922
52848642
42342402
42352642
52899842
105246723
63252483
52746243
63242243
105328643
199649283
94791683
52797443
63272963
42260483
42280963
73799683
94791683
52838403
52807683
52776963
84316163
52756483
42270723
42260483
52766723
52746243
63272963
105216003
73799683
52787203
42240003
63242243
52746243
42270723
42250243
42291203
52766723
52776963
52776963
157767683
42291203
52776963
52828163
63344643
52807683
42270723
42291203
63272963
42240003
84336643
42342403
42260483
52776963
52838403
52776963
52766723
63365123
42311683
42270723
42321923
73891843
52858883
42321923
31795203
52858883
52807683
42291203
42321923
73850883
42280963
31784963
52817923
42250243
52817923
63354883
42280963
94873603
52828163
52848643
63375363
52838403
42311683
63334403
42301443
42352643
73830403
42373123
52879363
42280963
42362883
42311683
52817923
42321923
31754243
42311683
42332163
52848643
63354883
42311683
42362883
42352643
31795203
42332163
42332163
42342403
42321923
52848643
42332163
52838403
42291203
52858883
42270723
63395843
52869123
42414083
52879363
52869123
42352643
52848643
42393603
42321923
42311683
42332163
42321923
42403843
63375363
52858883
42311683
52797443
42321923
52899843
52858883
52776964
63283204
42301444
63252484
52746244
63211524
52817924
52838404
52725764
52787204
63242244
63283204
94730244
52828164
52776964
42280964
52766724
63272964
52787204
52725764
52766724
52776964
52736004
42240004
52787204
63242244
52746244
42260484
52797444
73779204
42260484
42260484
52766724
63375364
42270724
52766724
52787204
42291204
63354884
42342404
42280964
42250244
52797444
52807684
52787204
42301444
42301444
42301444
42270724
42311684
42280964
52797444
42250244
52858884
42301444
52817924
84387844
42301444
52838404
63313924
42301444
63365124
42332164
42240004
52858884
42301444
52787204
42291204
52787204
42332164
52828164
73861124
52787204
42332164
42291204
42321924
52828164
42362884
73840644
42321924
42321924
63303684
31846404
42342404
52787204
73953284
52807684
52838404
52838404
42321924
42280964
52858884
73840644
42403844
52807684
42311684
52797444
31805444
52838404
31815684
42393604
42362884
63395844
63426564
63354884
42352644
42311684
42311684
31825924
42342404
42332164
42332164
42280964
31836164
42321924
52869124
31815684
52848644
52817924
42280964
42332164
42352644
52817924
42362884
63416324
42332164
42373124
52910084
52766725
52828165
84264965
52736005
94720005
52797445
115773445
52776965
73707525
52756485
52746245
52766725
94832645
42260485
42321925
52756485
42260485
42260485
63252485
52746245
42280965
52817925
42301445
63272965
42311685
52756485
42280965
42311685
52787205
63313925
52797445
73809925
52807685
73820165
42260485
42301445
42260485
73830405
42342405
42301445
42342405
52787205
63324165
42280965
73799685
42260485
42280965
42260485
42260485
52766725
42280965
42270725
42301445
42301445
52776965
52807685
42321925
73830405
52787205
42321925
31795205
42342405
42332165
42280965
42270725
42270725
42291205
42311685
52797445
42291205
42260485
63293445
52756485
73850885
52817925
42280965
42332165
42291205
105328645
42332165
52817925
42321925
52858885
42332165
63334405
52848645
42321925
52787205
42352645
42291205
42260485
42311685
42383365
42393605
42291205
63334405
52807685
31815685
52807685
31825925
31774725
63344645
42301445
42321925
42321925
42373125
52838405
42332165
31836165
42280965
52879365
31887365
42321925
42321925
52848645
52889605
42342405
63303685
52848645
52828165
42332165
52838405
42373125
42383365
52838405
31805445
52828165
52869125
52776966
52705286
42250246
52736006
52787206
52756486
63242246
63293446
115773446
73738246
63242246
126279686
52715526
63262726
52776966
73799686
42260486
52736006
52776966
52736006
42260486
73779206
52787206
52766726
42280966
52776966
42260486
52766726
52766726
63313926
52766726
52766726
42240006
63272966
52776966
84357126
73809926
52756486
105338886
52756486
73840646
42240006
31825926
63334406
52725766
42270726
52828166
52776966
42291206
63385606
42311686
63303686
42362886
31774726
42311686
63344646
42291206
52766726
42332166
52817926
42260486
52817926
42352646
42280966
52797446
42311686
42332166
42280966
42260486
63303686
42352646
42332166
42301446
52797446
42280966
31825926
42311686
31836166
42311686
63344646
52807686
73820166
42291206
52756486
52776966
52879366
84367366
42342406
31774726
42311686
42291206
42311686
63344646
52879366
52858886
31836166
52807686
52776966
42332166
42373126
42260486
31815686
42311686
42321926
42352646
84367366
42321926
42311686
52879366
31856646
52828166
52858886
42311686
42373126
42352646
52981766
42362886
42342406
42321926
42332166
52828166
42383366
42321926
42373126
42321926
42393606
42362886
52879366
52746247
63293447
52725767
73779207
52746247
147251207
73799687
52715527
42240007
52746247
42240007
168314887
42291207
52776967
52756487
63293447
42229767
52787207
63232007
42240007
52715527
52756487
42260487
52746247
42301447
52746247
42321927
52797447
84357127
52797447
94771207
94822407
42332167
52807687
52797447
42260487
42250247
52797447
52787207
52828167
42301447
42321927
42311687
42311687
63313927
42280967
42321927
42291207
52807687
63354887
42291207
42332167
52828167
42270727
63283207
42342407
31784967
52817927
42229767
52817927
42291207
42240007
63375367
42301447
42321927
42342407
115875847
42311687
63303687
31856647
52828167
42280967
52858887
52817927
52797447
42342407
42260487
42332167
42342407
31805447
42311687
42342407
42332167
42301447
42311687
52817927
42301447
52828167
42321927
42280967
42260487
42301447
52930567
52766727
63395847
52797447
42332167
42373127
42311687
42342407
42352647
42280967
31795207
31825927
52848647
52766727
42321927
42270727
31825927
42321927
42332167
42332167
52848647
31825927
31815687
42291207
42352647
42362887
52838407
63436807
52879367
31836167
63416327
42332167
31825927
52899847
42373127
52920327
115722248
63232008
52776968
136796168
105267208
73717768
52807688
52725768
63293448
52766728
63283208
63324168
94771208
52797448
52797448
63324168
105195528
52756488
84254728
73768968
52725768
52736008
147220488
52787208
52787208
63303688
42260488
73789448
42260488
52838408
52828168
52797448
63272968
52756488
42250248
73748488
52858888
42301448
63242248
52756488
73850888
115783688
42301448
52817928
52766728
42352648
73809928
42270728
63365128
73820168
42260488
42311688
42280968
63324168
52787208
63334408
42260488
52838408
52838408
42321928
52889608
31754248
42240008
42270728
63303688
42311688
63375368
42342408
31846408
42291208
42301448
42250248
42373128
31825928
42301448
52828168
52817928
52828168
42352648
42414088
31805448
42280968
63365128
63272968
42321928
42301448
63385608
52817928
42291208
42270728
42321928
31836168
42270728
31815688
63375368
52787208
52838408
31805448
52910088
42352648
52848648
52828168
42383368
42280968
52858888
42332168
42321928
42332168
42393608
52817928
42383368
42362888
52869128
52869128
42383368
63436808
42373128
42332168
52899848
42342408
42434568
42342408
42311688
63385608
42332168
52838408
31897608
31887368
52725769
73697289
105277449
63242249
52725769
63201289
84326409
63293449
73748489
52715529
42250249
52766729
63303689
52756489
42229769
73809929
42250249
52756489
42270729
52807689
42311689
63262729
105287689
42301449
73748489
52766729
52787209
42280969
42229769
84326409
73748489
52807689
52725769
84275209
52828169
42321929
42301449
42270729
52838409
52766729
42270729
63313929
42240009
42321929
52797449
52807689
52766729
52817929
42280969
42291209
42352649
52787209
42260489
52858889
52848649
42311689
42270729
42301449
42250249
73809929
42332169
52766729
42332169
52838409
52776969
52807689
42311689
42260489
42352649
52807689
84367369
42291209
52848649
42332169
52787209
52817929
42301449
31795209
42332169
42301449
42301449
42332169
52858889
42352649
42291209
42291209
42321929
42280969
42373129
52848649
42332169
42291209
63324169
52838409
42332169
94873609
31825929
42311689
42321929
52828169
52930569
52828169
42362889
52838409
52981769
42362889
42291209
52828169
42362889
31815689
42291209
42332169
52848649
42321929
63447049
42301449
42332169
52920329
42332169
52889609
42362889
52889609
42373129
42383369
31825929
42373129
52899849
42321929
94822410
52756490
115793930
52746250
73748490
52705290
52797450
84316170
63221770
73758730
84244490
52756490
84224010
42250250
84357130
52787210
52838410
63293450
105277450
52787210
52787210
63262730
42250250
52766730
52766730
42240010
84357130
63293450
52766730
73789450
42301450
63252490
42291210
52838410
52766730
42291210
63262730
42301450
42342410
42291210
42301450
42229770
52797450
42270730
52858890
63303690
42311690
31764490
42321930
73830410
52787210
52797450
42280970
52828170
31825930
52787210
42280970
63324170
42332170
42291210
42383370
52838410
42280970
31774730
136888330
168355850
42332170
52797450
42301450
42270730
42342410
52797450
52787210
42342410
42291210
31764490
42321930
31805450
52838410
42342410
42321930
42321930
42321930
52930570
42321930
73881610
31836170
42373130
42373130
63344650
42393610
42332170
31805450
42352650
42332170
52858890
42352650
73902090
52910090
42352650
42291210
42362890
63365130
42280970
63365130
52848650
42362890
42321930
42342410
52848650
42332170
31877130
42373130
42311690
63385610
52858890
42362890
52899850
42321930
42352650
31825930
31846410
42362890
52910090
42332170
42362890
42321930
42362890
63232011
73676811
136734731
52766731
63283211
52736011
73728011
52756491
52766731
115793931
52746251
52746251
42270731
63293451
94750731
52766731
63252491
73758731
42321931
42270731
52797451
52746251
52817931
52787211
52787211
42260491
63313931
42291211
63303691
42270731
42260491
63303691
73809931
94791691
42301451
31836171
52746251
73768971
52797451
73789451
52776971
52848651
42311691
52807691
63272971
42311691
42362891
42260491
42321931
42250251
73861131
42260491
42260491
52797451
42250251
42270731
73799691
52807691
42311691
52817931
42342411
42362891
63354891
42280971
42332171
42291211
31805451
42311691
31815691
42321931
42321931
31795211
31754251
42332171
42280971
42362891
42240011
42291211
42332171
42321931
31795211
52838411
31846411
31856651
42301451
52828171
42362891
31836171
42260491
42342411
52869131
42362891
42342411
42280971
31815691
31866891
42352651
42270731
42311691
52828171
52838411
42342411
52807691
31815691
42362891
52838411
42352651
42291211
42270731
42352651
42332171
42352651
52889611
42352651
52879371
52838411
42321931
52899851
42332171
52899851
52858891
31897611
42311691
31836171
42352651
42301451
52838411
42301451
52776972
52736012
84285452
63221772
73738252
52705292
52736012
52746252
136857612
52776972
42250252
84244492
52736012
84285452
73768972
52766732
52828172
52797452
52746252
42291212
73768972
105287692
42250252
84285452
42250252
42280972
42260492
42260492
52797452
63252492
52756492
52828172
147322892
52828172
42280972
52838412
52848652
42383372
73830412
84305932
105308172
84326412
42280972
42260492
42260492
42250252
42342412
52838412
42311692
73779212
42260492
42280972
84295692
52817932
42270732
42260492
63334412
31784972
42301452
42342412
42260492
31795212
42280972
31866892
63344652
52787212
42291212
52828172
63293452
42301452
42311692
42280972
52828172
42260492
42373132
42280972
42240012
42342412
42321932
31805452
42352652
42240012
42291212
42301452
42352652
52838412
73830412
52920332
42342412
63344652
42291212
42321932
31846412
31825932
42352652
42342412
31846412
42352652
63447052
42291212
63313932
31815692
31795212
42352652
42342412
42373132
42332172
42270732
52879372
42291212
42352652
42362892
31836172
42291212
42311692
42270732
42280972
42332172
31887372
42342412
42332172
42332172
42342412
42373132
42301452
52889612
31774732
42311692
73789453
63303693
52725773
73707533
105256973
63293453
52787213
73707533
52725773
52725773
52797453
52736013
52848653
52756493
52817933
63293453
94750733
42229773
63283213
52797453
52828173
52807693
42270733
73789453
42250253
52746253
94771213
73779213
42291213
42270733
52776973
63313933
42270733
52756493
63211533
42260493
42280973
42270733
63283213
42270733
42280973
63303693
52817933
42229773
52807693
63324173
42321933
42321933
52787213
42311693
52817933
42291213
42301453
42291213
42240013
42291213
52869133
42321933
42291213
42250253
73861133
42301453
42229773
42280973
52889613
52766733
52858893
42332173
63354893
42301453
63334413
31805453
63365133
42280973
42280973
42352653
42250253
42291213
42383373
42311693
42352653
52838413
42270733
63365133
73748493
31784973
84387853
42403853
42311693
31805453
42291213
42332173
52848653
42291213
31856653
42332173
52858893
42311693
42362893
52807693
84357133
31815693
52858893
42321933
42342413
42311693
63385613
42352653
52920333
42332173
52828173
42352653
52940813
42270733
63334413
42383373
31805453
42362893
52899853
42321933
31836173
31825933
42362893
52879373
42321933
52848653
31877133
42362893
52766734
94801934
52715534
63221774
115732494
52756494
52766734
63283214
73768974
94709774
52756494
73717774
63354894
63191054
63262734
63272974
52756494
52756494
52756494
52746254
63293454
42280974
52766734
42280974
115773454
73809934
63272974
73779214
84254734
42270734
52776974
94801934
63283214
63252494
52776974
42311694
52787214
73809934
42240014
84316174
63272974
42301454
42280974
52807694
42291214
42311694
63324174
42311694
73799694
42301454
42280974
73809934
42270734
42332174
52828174
31825934
52817934
42342414
42240014
31836174
42321934
42301454
31754254
52797454
42311694
42342414
42291214
42291214
63344654
42291214
42342414
52828174
52858894
52817934
52817934
42342414
52889614
42291214
31805454
42362894
52838414
31805454
42301454
42280974
63313934
31805454
42321934
42352654
31805454
52858894
52828174
42332174
42332174
52828174
42332174
31856654
63385614
42342414
31846414
42311694
52797454
42342414
42352654
42321934
52848654
42352654
42311694
42342414
31774734
42321934
42301454
42311694
42332174
42373134
42332174
42373134
31764494
42342414
31825934
42311694
31815694
31815694
42321934
42352654
42362894
52899854
31856654
63508494
73738255
84224015
63232015
52695055
63221775
94781455
73758735
63272975
73758735
52838415
115752975
52756495
42219535
136673295
63303695
52756495
94771215
84224015
42291215
42280975
42260495
136755215
52797455
52787215
52776975
136816655
42219535
52766735
42342415
63334415
52776975
42321935
105308175
63283215
42291215
52797455
94771215
52787215
52807695
42280975
63334415
63313935
42301455
63344655
42321935
42280975
42280975
52787215
31764495
42280975
31805455
63324175
52797455
63334415
94842895
63313935
73768975
42332175
52858895
52797455
42301455
31784975
42332175
42301455
42280975
42280975
52838415
42332175
42352655
52828175
42342415
42311695
42311695
42373135
42352655
84346895
31805455
42280975
42301455
52848655
42311695
31774735
42332175
31744015
63313935
42260495
31866895
31825935
42373135
42311695
42332175
42332175
42373135
42291215
42383375
42383375
42362895
52828175
42332175
63283215
42352655
42373135
42342415
63457295
52848655
52817935
42321935
52889615
31805455
42342415
42373135
42383375
42393615
42352655
42352655
42332175
42362895
31846415
31846415
42342415
42373135
42362895
42311695
42403855
42321935
42291215
31805455
31815695
94720016
73717776
73789456
73789456
63252496
84224016
63221776
52725776
52766736
52756496
63232016
52766736
52736016
63303696
63293456
84275216
84285456
73758736
52756496
84305936
52715536
42301456
84234256
63313936
52797456
63313936
63252496
42270736
42270736
42270736
42250256
63272976
84316176
31744016
52776976
52787216
73748496
126259216
52746256
52756496
63283216
42240016
42270736
52838416
42260496
42270736
52776976
73809936
63283216
84346896
42291216
52838416
63272976
42280976
63385616
42321936
31795216
42280976
52817936
73809936
42321936
42311696
42270736
42260496
42321936
42260496
42342416
42332176
42352656
31764496
31836176
31836176
42321936
42321936
52869136
42301456
42301456
31774736
63303696
52848656
31907856
31784976
42362896
42311696
31815696
52787216
42311696
31754256
31866896
42321936
31856656
42321936
52869136
42301456
42332176
31795216
42393616
42301456
42332176
42321936
63385616
42291216
42301456
42301456
52869136
42342416
42352656
42373136
63324176
42332176
42352656
52848656
42332176
42362896
52879376
42373136
52869136
63416336
31907856
31877136
42342416
42342416
63416336
31856656
42383376
42311696
31825936
42373136
105216017
63211537
126238737
63221777
63283217
63180817
84264977
63262737
94730257
63252497
63262737
52725777
73809937
52787217
63232017
52736017
94791697
63262737
94801937
42260497
52787217
126269457
63262737
52807697
63262737
42301457
63272977
52797457
94771217
63293457
42250257
42280977
42291217
42311697
52746257
115732497
42219537
42270737
42321937
63293457
84295697
52705297
52776977
42229777
42260497
52715537
63365137
42311697
52858897
52797457
63375377
42270737
42270737
42291217
63334417
42260497
73830417
52817937
42301457
31795217
52828177
42332177
42311697
42342417
42332177
42291217
42280977
42321937
52766737
31784977
31774737
42332177
52879377
42352657
42311697
31805457
42332177
42301457
63406097
42291217
42291217
42270737
31795217
42291217
31784977
63303697
84316177
31805457
31805457
42250257
52858897
31866897
31805457
42291217
31836177
42291217
42301457
42342417
42362897
42352657
42342417
31856657
42311697
42383377
52807697
42342417
42342417
42342417
42373137
63426577
42373137
31856657
31856657
42301457
42393617
42352657
42362897
42280977
31825937
42280977
63354897
42342417
42403857
31805457
42301457
31825937
52858897
42362897
73728018
126187538
73728018
63201298
63272978
73707538
63242258
52736018
84275218
84183058
63252498
63262738
63211538
115763218
73728018
94760978
115783698
73738258
42280978
63221778
52776978
52746258
63272978
42332178
73809938
84213778
73768978
52807698
52858898
42270738
42229778
63293458
52756498
52776978
42240018
42301458
42301458
63232018
63313938
52746258
42291218
52776978
73830418
52756498
52797458
42260498
84367378
42301458
42270738
52797458
63313938
42270738
73789458
126269458
42321938
42301458
42311698
52858898
52797458
52746258
42260498
52797458
63293458
31825938
42332178
42301458
42311698
42352658
63344658
42301458
105420818
52848658
31825938
42342418
42321938
31784978
52797458
63334418
63354898
42301458
42311698
31805458
42362898
31856658
42301458
63324178
52817938
63375378
31815698
63313938
42352658
63334418
42393618
31774738
73902098
42352658
31815698
52869138
42311698
42291218
42342418
63385618
42403858
42332178
31805458
31856658
31866898
63354898
31795218
31795218
42352658
42311698
42362898
31825938
31805458
42321938
52899858
42291218
42352658
42332178
42342418
42332178
42352658
42301458
31815698
42424338
73912338
52899858
63242259
94689299
73728019
84254739
94720019
105195539
73768979
42219539
73748499
63242259
63221779
105164819
84234259
73768979
63221779
73779219
52715539
84224019
52715539
42250259
105277459
52787219
52756499
63221779
42311699
52736019
105287699
63303699
52756499
52776979
52807699
52797459
84295699
63324179
63293459
52787219
52787219
42291219
42260499
42250259
52725779
84285459
42280979
63344659
63313939
42321939
63283219
42301459
52817939
42270739
52787219
42280979
52797459
52776979
42291219
42301459
52766739
42250259
63313939
42280979
52807699
63354899
52797459
42280979
42291219
31774739
42270739
52858899
42321939
42280979
31825939
31846419
42311699
42373139
52766739
42352659
42373139
42260499
42332179
31856659
42342419
52817939
52807699
52879379
42362899
42362899
52838419
31866899
42301459
115855379
42393619
42342419
42362899
42291219
31815699
42321939
31815699
42373139
42311699
42393619
63365139
31795219
42342419
52879379
31815699
42321939
52879379
42321939
42321939
42321939
52807699
42332179
42342419
42280979
42311699
42270739
42383379
42352659
31784979
42373139
31866899
42291219
42383379
52879379
42393619
31815699
42342419
52838419
73707540
94730260
52756500
105277460
63242260
105246740
63232020
178698260
84295700
63262740
136714260
73789460
63221780
63283220
63303700
52797460
52746260
63242260
63221780
52756500
63252500
52715540
147220500
84244500
42291220
63293460
42250260
42240020
94791700
63283220
84254740
73738260
63303700
63272980
31764500
94801940
94771220
63324180
73820180
52807700
42260500
52838420
42260500
52807700
63262740
42260500
52756500
63272980
84285460
52807700
52766740
63293460
42280980
31795220
52766740
52776980
42383380
31805460
63354900
42291220
31815700
73799700
52848660
52797460
42301460
42280980
42291220
42321940
73840660
42342420
42301460
42321940
84316180
42342420
52797460
52889620
63365140
42362900
42291220
31836180
42260500
52828180
52817940
42280980
31805460
31815700
42311700
31795220
42362900
42301460
42301460
31784980
63354900
42311700
42291220
52899860
42342420
42352660
42332180
52817940
42352660
42342420
42362900
31815700
31825940
42311700
63344660
31866900
63385620
42321940
52858900
52817940
42424340
42352660
42332180
42321940
42393620
42280980
73891860
42342420
42373140
42311700
31856660
42362900
31836180
42352660
52848660
42332180
84162581
63242261
126269461
63252501
63211541
147230741
73738261
52797461
52746261
73707541
63201301
73728021
63252501
52715541
115773461
63354901
115742741
52787221
52746261
42240021
136693781
63232021
52736021
52787221
52787221
52776981
42260501
52787221
63262741
126289941
73799701
52787221
126269461
42229781
126269461
42229781
52756501
94781461
105267221
42229781
52787221
42311701
42260501
63365141
52828181
42301461
42332181
31764501
42311701
42332181
42270741
115783701
52787221
42280981
52756501
42270741
84357141
52797461
42291221
52828181
42291221
52787221
84305941
42321941
42291221
31866901
42291221
42321941
42260501
42332181
31805461
73820181
42342421
42270741
52787221
42301461
63313941
52848661
63354901
42311701
42301461
31856661
42311701
42342421
42280981
52797461
31856661
31805461
52869141
42250261
42291221
42280981
31805461
63385621
31784981
42301461
63457301
63344661
42280981
52930581
42321941
42362901
42332181
42342421
52797461
31877141
42311701
63395861
73943061
42393621
42332181
42373141
31825941
42332181
31856661
42373141
42373141
31805461
52858901
31795221
31846421
42373141
42352661
52817941
42403861
31825941
42383381
31795221
73748502
63252502
94709782
105216022
63293462
52756502
84203542
73768982
84305942
52736022
84244502
94720022
52746262
52695062
84305942
84234262
52787222
94822422
52746262
42270742
63283222
63262742
147240982
73768982
52756502
73809942
42250262
63232022
105277462
136755222
73748502
52746262
52776982
63293462
52776982
31723542
42362902
42280982
42229782
105256982
42270742
52797462
73758742
42270742
52807702
42352662
52756502
42280982
52817942
42280982
52828182
42311702
52817942
84275222
42332182
52787222
42342422
42240022
42352662
31815702
42403862
42311702
52776982
31795222
52848662
42311702
42280982
52838422
42280982
42260502
42342422
42291222
52807702
42403862
31754262
52817942
73830422
31836182
42321942
42321942
42342422
63293462
73820182
31805462
42342422
42321942
42301462
42270742
42321942
42352662
42311702
63303702
42362902
42301462
42393622
52838422
52817942
42362902
42321942
42373142
42321942
31856662
42291222
52940822
42301462
31866902
42352662
31836182
42352662
52848662
42321942
42373142
42383382
42352662
42321942
52899862
52858902
42383382
31825942
42383382
42373142
52910102
42332182
52889622
52817942
63498262
31856662
42352662
63232023
73728023
94699543
84213783
178708503
73748503
52725783
94801943
52725783
126248983
73738263
63221783
52756503
63262743
84224023
63252503
73779223
126197783
63262743
84264983
52756503
52797463
63252503
73799703
63354903
84357143
73789463
52746263
52828183
63375383
42280983
52807703
42321943
52766743
52807703
52766743
52817943
42342423
73768983
84275223
73799703
52776983
52828183
42260503
52797463
42260503
84295703
52776983
52736023
31784983
42321943
52817943
42301463
52817943
63324183
42250263
52807703
63272983
31754263
52787223
42332183
42321943
84326423
31795223
63344663
115763223
126330903
52828183
42332183
42332183
42373143
52828183
31846423
42352663
31846423
31815703
31836183
52838423
42270743
52858903
52879383
115845143
63365143
42321943
31856663
63385623
31836183
52848663
42352663
42362903
42332183
42311703
52817943
42270743
42332183
52797463
42393623
42362903
31866903
42352663
42311703
42362903
42393623
42342423
42332183
42393623
52889623
31836183
52828183
42311703
31805463
42332183
42352663
42321943
31836183
42352663
52889623
31856663
31836183
42280983
42352663
42342423
52838423
31856663
42362903
42383383
52879383
31805463
73789464
73738264
63232024
73728024
73799704
73738264
220672024
63242264
126208024
84234264
63242264
52787224
84224024
63211544
105318424
52766744
94740504
84254744
52746264
52776984
84234264
63283224
42229784
52736024
42240024
84285464
73779224
42280984
73840664
63344664
42229784
42260504
73809944
73768984
42352664
52756504
52756504
73799704
42352664
42280984
105246744
63313944
42301464
52776984
42311704
52756504
42311704
52838424
94781464
52828184
42311704
42291224
31825944
63365144
73820184
42301464
42270744
31795224
42332184
52838424
84336664
42342424
63334424
42260504
42332184
31774744
73891864
52807704
63303704
31825944
52848664
52797464
42332184
52807704
42291224
42373144
52838424
31815704
115865624
42270744
52828184
42332184
42403864
63375384
42393624
42342424
42301464
42342424
42342424
42301464
42342424
31877144
42403864
63272984
42393624
52858904
42332184
42352664
42291224
42342424
52889624
42352664
42321944
52797464
63324184
52766744
84398104
42321944
42362904
42393624
42342424
42393624
52869144
52930584
31856664
31815704
42393624
42321944
42291224
42383384
42342424
42301464
31805464
31836184
42455064
31846424
84490264
42362904
73748505
73758745
84234265
73728025
84264985
94730265
84264985
84203545
94760985
63242265
84275225
84254745
63252505
52766745
73707545
73728025
42240025
42250265
52736025
52787225
52756505
73840665
105226265
63272985
63283225
52797465
42260505
73768985
52869145
52746265
42219545
63272985
105318425
73830425
52787225
42260505
52817945
42260505
42280985
52797465
42321945
84336665
42280985
42321945
63303705
42332185
42291225
73809945
52889625
52817945
63272985
52797465
31805465
63303705
52807705
52766745
42321945
42229785
52838425
42280985
42301465
42229785
52766745
63293465
42301465
42291225
42280985
31795225
42321945
73830425
42301465
31805465
42332185
52828185
52828185
42373145
52828185
31815705
42342425
42280985
63293465
42383385
42321945
42301465
42301465
63365145
42362905
42332185
42362905
42311705
31815705
52828185
31836185
42291225
42383385
31825945
42362905
31805465
31836185
42280985
63354905
42332185
63426585
63344665
31805465
52879385
52848665
42352665
52889625
42321945
63488025
42362905
31856665
42280985
42291225
42383385
52848665
52910105
31795225
42291225
31836185
63365145
42321945
42352665
42321945
31866905
42301465
31918105
84234266
63252506
94760986
63211546
52736026
105236506
63262746
73779226
73748506
73717786
52766746
94730266
73799706
94801946
52776986
63221786
63272986
52807706
105297946
52807706
52807706
73748506
63262746
52807706
52736026
63283226
52756506
52766746
52787226
84285466
42260506
52797466
42270746
73758746
52746266
52797466
63283226
73768986
63272986
42270746
52766746
52838426
63344666
63324186
105308186
42301466
52766746
31825946
52858906
52817946
63385626
42280986
31795226
31764506
42291226
42270746
42311706
42352666
42321946
42311706
52807706
42291226
63303706
42260506
42280986
42270746
63324186
42342426
42311706
52838426
52817946
42332186
52848666
42260506
52807706
42321946
52817946
52807706
42332186
52807706
42403866
42332186
31805466
73861146
73820186
42321946
42270746
63303706
31836186
42240026
31836186
52848666
115814426
31815706
42301466
42352666
42301466
52930586
42270746
42352666
52879386
63375386
42311706
31866906
42321946
31774746
63354906
31815706
42362906
42332186
42342426
42352666
63406106
42280986
73861146
31825946
52858906
42311706
63406106
42311706
42342426
42393626
31836186
42403866
52910106
52807706
42362906
42291226
73728027
94760987
105236507
94771227
84224027
63262747
84285467
73748507
73748507
126320667
52776987
73799707
63283227
52776987
52715547
52736027
52746267
126248987
52746267
147220507
52756507
63232027
73789467
94771227
63283227
52787227
42280987
73758747
105277467
52736027
63262747
73820187
52756507
42260507
84275227
52787227
42260507
42250267
42229787
63262747
73861147
94812187
42260507
84326427
94781467
42280987
42311707
42301467
42291227
52776987
42280987
52797467
52787227
42291227
52807707
42291227
31825947
42280987
42270747
42311707
42332187
42383387
31795227
52817947
63324187
42311707
52828187
42342427
42373147
31836187
31825947
42342427
42362907
52838427
42332187
42291227
42291227
31846427
42332187
63344667
73902107
42291227
31764507
52787227
63334427
42280987
42301467
42301467
42311707
31815707
42250267
63344667
42332187
31774747
42342427
42352667
42332187
42352667
31784987
42301467
52858907
42311707
42311707
42311707
42383387
31825947
52858907
42383387
31815707
42332187
42362907
31825947
42321947
42342427
42332187
42383387
52828187
63324187
63406107
31928347
42342427
31836187
42321947
52807707
63426587
42321947
42352667
42362907
94750748
84162588
63293468
115671068
126269468
73676828
84244508
52746268
63283228
63221788
63272988
115763228
63242268
73789468
63262748
52756508
63293468
52817948
52746268
73799708
73789468
52756508
73779228
42301468
52807708
105267228
52766748
52787228
42270748
52838428
52817948
63221788
84326428
42291228
73850908
52776988
52838428
42301468
42301468
42301468
42291228
63313948
42260508
42321948
63293468
73809948
42301468
52828188
42280988
63365148
42270748
42352668
52736028
63334428
42270748
42332188
42342428
52766748
42301468
42301468
52889628
63334428
42291228
31877148
42311708
63303708
42321948
42301468
63344668
52817948
63365148
42311708
42342428
31744028
42321948
63354908
52817948
52858908
42311708
52848668
52807708
42342428
31805468
42280988
42321948
52807708
73861148
31836188
31784988
31825948
52797468
52807708
42332188
52828188
42321948
31815708
52889628
52787228
52858908
31795228
42383388
42342428
42280988
52858908
42362908
42352668
52848668
42321948
31805468
42311708
31836188
63354908
31877148
42301468
52828188
42301468
52879388
42311708
31856668
31805468
42342428
42373148
42373148
31856668
42301468
42393628
42342428
52848668
115773469
73728029
63262749
94760989
63242269
105256989
94781469
63272989
52736029
73758749
63221789
63283229
73758749
105277469
52787229
63283229
84285469
52715549
63262749
63303709
84224029
42229789
73758749
52776989
63334429
42291229
52817949
42280989
73789469
105267229
52797469
52797469
42291229
42301469
52766749
63334429
52879389
52776989
73809949
52817949
84285469
42291229
52848669
31754269
42311709
52817949
42270749
31805469
94781469
52838429
31774749
73820189
42291229
63283229
42280989
31784989
31825949
42280989
42321949
42352669
42332189
42240029
42342429
63344669
73912349
42332189
42311709
42321949
31846429
52828189
42260509
52797469
52899869
31836189
31764509
42373149
42321949
42280989
31815709
52848669
42332189
42301469
42301469
31846429
42321949
42342429
63303709
73840669
42321949
52766749
42311709
105400349
42352669
31795229
52817949
42342429
42342429
52899869
42332189
73861149
52869149
31866909
31774749
42332189
52828189
31764509
31815709
42342429
42291229
42321949
42311709
42342429
52920349
52828189
42301469
42332189
42332189
42332189
42362909
42352669
42301469
52838429
31856669
42342429
42342429
52920349
42321949
42383389
84244510
73717790
63232030
63252510
105287710
63242270
52736030
63283230
73768990
94740510
52756510
52766750
115834910
52776990
73768990
52817950
52725790
63272990
42250270
42260510
73850910
94730270
52787230
52766750
52817950
52766750
63272990
42352670
52828190
52787230
42291230
73820190
42291230
42260510
52858910
31784990
42342430
84295710
73850910
42270750
52817950
31784990
52848670
84346910
52858910
42332190
63324190
63365150
42321950
31764510
42311710
42311710
42342430
42321950
31805470
42270750
42311710
52817950
42321950
31784990
42270750
42332190
52807710
52828190
42270750
42342430
42301470
42332190
94894110
52869150
52776990
42321950
63283230
31836190
52807710
42373150
52869150
52787230
31774750
31877150
31825950
31815710
63324190
42383390
31784990
42352670
42342430
42332190
42301470
52838430
42240030
21268510
42321950
42321950
31805470
42414110
31815710
42270750
31805470
31774750
42321950
42321950
31744030
52858910
31856670
52828190
42332190
31815710
42342430
52838430
31846430
31784990
42311710
42373150
42291230
42403870
42321950
31866910
52858910
52879390
42280990
42352670
42311710
42321950
52889630
31846430
63334430
42373150
94791711
73738271
63272991
73728031
105236511
63201311
52736031
73850911
105246751
105287711
63272991
63262751
52746271
63272991
52715551
63262751
63313951
136734751
63324191
52807711
73820191
52807711
63262751
52766751
84326431
63262751
52756511
63232031
63252511
42291231
42291231
84285471
52787231
42280991
42240031
52879391
52828191
52797471
52838431
73871391
42291231
42270751
42260511
52787231
42332191
52940831
84346911
42332191
42301471
42321951
52848671
63334431
42311711
42332191
31836191
52838431
31805471
42311711
31815711
42321951
42362911
52828191
42311711
52776991
42352671
42321951
52848671
31877151
42393631
42280991
52828191
42373151
52869151
42311711
52828191
52828191
52817951
94894111
42311711
42311711
42373151
31784991
42291231
42383391
31846431
42342431
42291231
42352671
52899871
31795231
42260511
42342431
42291231
63447071
52807711
31815711
52858911
42362911
42352671
52838431
42352671
31836191
52817951
31877151
52817951
42311711
42291231
63365151
52879391
42342431
42352671
42321951
52817951
31825951
31805471
42352671
42301471
42311711
42332191
42424351
42270751
63344671
42362911
52879391
31795231
42291231
42301471
42332191
