63252480
63252480
52746240
52756480
63242240
63262720
52746240
63242240
63252480
52705280
52705280
52725760
52725760
52736000
42219520
52736000
42209280
42219520
63252480
63252480
52715520
52695040
63262720
52684800
63252480
63262720
42219520
52715520
42219520
52746240
73748480
52705280
52736000
136847360
73738240
52766720
52725760
52715520
73768960
52725760
42229760
42209280
52746240
73779200
52766720
63262720
73779200
52725760
52766720
52725760
42270720
42219520
63262720
52746240
52736000
63242240
42260480
52715520
52725760
52746240
42219520
63262720
52715520
42219520
52787200
42229760
52756480
52756480
84285440
63232000
63283200
84305920
31713280
42240000
52756480
42229760
42240000
42229760
52766720
42240000
42270720
52756480
52756480
52695040
73738240
42260480
52756480
42280960
42219520
42260480
42219520
52736000
84305920
84305920
42250240
42260480
42250240
63252480
52715520
42240000
63262720
63293440
42250240
52736000
63252480
63272960
42250240
42280960
42260480
63232000
63272960
63242240
52746240
52766720
52725760
73799680
63242240
73789440
63221760
73758720
73748480
52766720
42199040
42229760
63293440
42270720
42270720
52787200
42240001
42240001
52725761
42209281
73789441
42250241
94750721
52746241
42229761
63232001
63232001
52736001
42229761
52746241
42240001
52746241
52746241
63272961
52787201
52736001
42250241
52746241
52776961
42209281
42240001
52725761
73799681
84275201
42219521
42229761
42250241
42270721
42240001
42229761
42229761
42240001
52766721
42229761
63283201
63262721
42240001
52766721
42270721
52756481
52766721
63252481
94812161
52756481
42260481
63283201
52776961
63272961
84357121
42240001
52776961
73779201
84295681
63313921
73799681
52766721
63283201
42229761
42260481
42240001
42250241
63293441
42229761
63324161
52766721
105308161
42240001
42270721
42219521
42240001
52807681
52828161
52807681
42280961
42240001
42240001
52766721
63283201
52756481
63303681
52797441
52746241
42260481
42240001
52797441
63324161
52746241
52797441
63272961
73768961
52787201
42280961
42250241
52766721
42280961
42280961
42250241
84326401
42260481
52746241
52766721
52776961
42250241
73820161
42270721
42260481
42270721
52756481
63262721
52756481
63303681
63272961
73799681
42250241
42229761
31723521
63272961
52756481
42260481
42250241
42291201
42260481
73820161
42321921
52715522
52746242
42250242
73799682
63272962
52776962
63272962
52746242
52766722
52746242
63272962
52695042
63221762
52736002
52746242
52736002
42280962
63283202
52746242
42250242
52746242
52736002
52746242
42250242
42219522
63242242
42199042
52746242
63252482
42250242
63283202
52746242
42219522
42229762
63272962
42219522
42250242
42229762
42219522
52705282
52746242
52756482
73779202
42219522
42229762
42240002
84316162
52766722
63293442
73758722
52725762
52766722
84295682
52807682
63272962
42229762
52787202
42291202
63272962
42250242
63272962
73779202
52776962
52756482
42229762
52766722
31754242
42280962
42240002
52746242
52756482
52807682
52787202
42270722
42209282
63262722
52736002
42260482
42240002
63293442
63232002
52766722
42250242
42260482
52787202
42240002
31774722
52807682
42260482
73789442
63272962
31723522
52766722
42270722
52787202
63283202
52807682
63232002
52766722
52766722
63303682
42280962
42280962
52756482
42280962
52776962
52725762
63283202
63293442
42280962
52756482
94832642
31754242
52776962
52766722
42280962
52787202
42229762
63242242
42280962
42260482
73789442
42240002
52766722
52787202
42270722
42270722
52807682
63293443
52756483
52725763
63242243
84326403
126330883
63313923
52756483
42280963
52736003
52736003
63303683
73789443
52787203
63272963
52736003
73799683
52725763
42260483
42229763
52746243
52725763
63242243
73779203
63283203
42270723
42209283
63232003
52725763
42240003
42229763
52746243
52756483
52756483
42250243
105390083
52736003
52756483
52797443
63303683
52756483
42219523
52746243
42270723
42209283
73830403
52776963
42209283
42260483
52776963
42250243
52746243
73799683
42260483
42229763
52776963
73820163
52797443
42270723
42240003
52776963
63242243
42219523
52766723
73799683
42240003
31744003
63272963
31713283
52787203
63283203
42229763
94842883
52766723
52766723
63303683
52787203
52746243
73779203
42250243
52797443
84285443
52817923
63303683
31733763
42280963
52725763
52766723
52756483
42199043
52736003
52776963
52807683
63313923
42250243
42280963
42291203
31723523
42250243
52766723
42280963
42260483
52776963
52766723
63283203
42240003
42291203
42219523
63344643
52807683
52797443
52797443
63303683
52746243
52787203
63283203
42260483
31754243
42260483
42260483
63303683
63313923
52776963
42250243
42260483
31774723
73799683
52776963
52746244
52756484
52756484
63242244
52746244
52725764
52787204
52766724
42219524
52746244
52746244
52766724
73768964
52746244
52746244
42270724
42250244
52766724
52756484
52715524
52807684
52746244
52725764
42219524
52756484
42260484
42229764
42219524
42280964
52776964
42229764
52705284
42260484
63344644
52725764
52736004
52766724
52736004
63293444
42291204
42250244
42229764
63262724
42260484
52756484
52746244
52746244
42250244
42240004
52756484
42240004
63252484
42229764
63293444
42250244
52766724
73850884
42250244
42291204
63283204
42250244
63324164
42260484
42209284
63272964
42250244
42250244
42250244
52736004
52787204
42291204
73809924
52746244
52766724
42240004
52756484
52787204
52797444
63303684
42270724
42240004
63283204
42270724
52776964
52736004
73881604
42291204
52787204
63283204
42260484
42229764
42270724
73799684
52817924
42260484
42260484
52756484
42229764
42280964
52715524
52817924
52787204
73830404
73850884
63303684
52776964
52736004
42240004
42250244
52787204
42240004
42240004
42240004
42270724
42260484
52807684
42240004
52797444
42280964
31723524
42280964
63262724
52766724
52776964
73830404
42250244
52807684
63303684
52736005
52797445
73779205
52715525
73758725
52756485
84305925
52736005
63232005
52736005
52725765
52746245
63354885
52715525
42270725
52736005
42229765
42229765
63232005
52725765
52756485
52776965
52756485
63272965
42270725
52746245
52736005
52746245
42280965
63272965
52756485
63313925
52787205
63303685
42219525
42250245
42240005
73799685
52776965
42260485
52776965
52746245
52807685
42260485
63283205
42229765
42250245
52715525
42229765
42260485
42229765
42229765
42270725
42260485
52746245
63272965
52746245
63313925
42270725
42291205
42240005
52756485
52766725
42240005
42240005
52715525
42250245
52746245
42270725
42260485
42209285
63272965
42250245
73809925
52776965
31764485
52776965
42260485
94801925
52766725
52766725
42270725
52776965
52776965
63283205
42291205
42250245
52756485
63262725
42240005
42199045
42270725
52797445
52807685
42250245
73799685
52776965
42260485
42250245
42260485
31733765
63313925
42240005
42260485
52766725
52807685
42280965
42260485
42260485
42229765
52828165
42291205
42240005
42270725
63283205
52828165
52766725
42270725
52787205
52776965
42270725
42270725
52787205
52797445
42280965
52705285
52766725
63293445
52766726
42219526
52725766
52725766
52756486
52736006
63232006
63283206
94791686
63272966
52736006
84377606
52705286
52787206
52756486
63293446
52715526
52705286
52746246
42229766
52715526
63293446
52746246
52715526
42240006
52756486
42240006
42260486
52756486
52797446
52756486
52746246
42209286
52766726
42250246
73840646
52817926
52746246
84336646
42250246
63313926
42209286
42260486
63293446
52715526
42240006
52776966
63232006
31754246
52838406
52756486
63272966
52787206
42209286
42250246
73799686
42250246
52746246
42291206
42270726
42209286
52797446
42291206
42240006
42270726
42280966
42291206
52746246
42219526
63283206
42270726
52766726
42250246
52746246
42260486
52746246
42280966
42260486
52746246
52817926
52746246
52797446
42240006
52746246
42250246
63303686
84346886
52776966
42219526
42250246
42240006
42260486
73799686
52807686
63283206
42250246
52776966
42240006
52766726
42301446
42209286
31754246
42250246
52766726
52787206
84305926
52756486
42250246
63303686
42260486
42270726
52797446
42260486
52787206
42260486
63375366
52776966
52776966
42260486
42260486
63262726
52787206
42260486
52787206
42260486
63293446
52776966
63313926
52725767
63303687
52715527
63283207
52736007
84449287
63293447
52725767
52705287
52736007
42209287
126361607
42250247
42240007
52736007
52797447
42199047
42260487
52746247
42209287
52695047
42219527
52736007
52725767
42270727
42240007
42270727
52766727
63365127
42280967
73799687
73830407
42280967
63252487
42270727
42240007
52715527
52776967
42260487
63283207
42260487
52766727
42240007
42250247
63293447
42240007
42270727
42240007
52756487
63313927
42250247
52766727
52776967
42229767
63283207
42291207
42229767
42280967
42199047
52776967
42240007
42209287
63313927
42240007
52776967
42280967
94873607
52787207
42270727
42280967
42291207
42229767
63293447
52776967
52756487
42280967
42209287
42270727
52776967
42229767
52766727
42311687
52756487
42240007
42270727
52776967
52766727
52766727
31764487
52736007
42219527
42240007
63334407
42219527
73840647
52766727
31764487
52797447
42250247
42280967
42260487
31733767
42240007
52746247
63283207
52725767
42270727
31723527
31764487
42270727
42240007
42240007
52807687
42250247
42240007
42250247
63272967
52797447
52787207
73850887
63303687
42250247
63334407
31754247
31754247
52797447
52807687
52838407
84285448
63242248
52756488
115814408
84346888
63232008
52776968
52695048
63283208
52756488
52776968
63303688
73789448
52756488
63262728
52807688
84285448
52736008
63283208
63293448
52725768
52725768
105349128
52746248
52766728
52797448
42250248
52787208
52746248
52797448
52787208
63272968
52766728
52756488
42229768
52787208
52828168
52746248
52746248
52746248
73820168
115804168
42240008
52797448
42250248
52766728
63303688
42229768
63324168
52807688
31733768
42280968
42229768
63293448
42270728
63313928
42229768
52787208
52817928
42270728
63344648
42209288
31733768
42240008
63272968
42270728
63324168
42270728
42260488
52725768
42260488
42209288
52807688
42250248
31754248
52787208
52797448
52776968
52797448
42311688
42229768
42240008
63324168
63232008
42260488
52746248
73809928
52766728
42240008
42240008
42260488
42250248
42229768
52736008
63303688
52766728
52776968
31764488
63324168
42280968
63272968
63272968
42311688
31744008
52787208
63262728
42260488
42280968
52807688
42270728
42311688
42280968
63283208
63293448
42301448
73861128
52787208
52756488
52838408
42270728
52828168
42260488
42250248
73820168
42270728
52787208
42280968
52776968
52715529
73697289
84305929
63232009
52725769
63201289
84305929
63272969
63272969
63211529
52715529
52756489
63293449
52756489
52695049
73779209
52715529
42250249
42260489
52797449
52756489
52766729
84305929
52756489
63272969
52776969
52787209
42229769
42199049
84305929
63262729
52787209
52725769
63293449
52787209
52766729
52766729
42240009
52797449
42250249
42229769
63283209
42209289
42280969
52756489
63283209
52746249
52797449
42240009
42250249
42311689
42270729
42229769
52797449
52787209
42250249
42229769
42250249
42219529
63303689
42270729
42250249
42260489
42280969
52756489
52787209
42270729
42209289
42301449
52776969
84346889
52725769
52807689
42250249
52756489
52766729
31764489
42240009
42291209
42260489
52746249
52756489
52787209
42291209
42260489
42240009
42270729
42229769
63272969
52817929
52787209
42240009
63272969
63293449
42270729
105318409
42240009
42250249
42270729
42301449
63334409
52766729
42311689
52776969
52889609
42291209
31744009
63262729
42291209
42229769
42240009
42260489
52797449
42270729
84346889
42240009
42270729
63324169
52746249
52828169
52787209
63313929
42291209
52797449
42240009
52797449
63283209
42250249
94832650
52746250
94842890
52756490
63262730
52746250
63252490
73820170
52766730
63272970
63303690
52756490
52797450
52715530
84316170
52776970
63283210
52787210
73850890
52756490
42270730
52766730
42229770
52736010
42270730
52725770
84326410
52797450
42250250
63303690
52756490
52756490
52746250
63283210
42250250
42250250
52756490
42250250
52756490
42260490
42270730
42209290
52756490
42229770
52828170
63283210
52766730
42209290
42260490
73820170
42280970
63242250
42250250
42301450
42250250
52756490
52736010
63303690
42291210
52746250
52828170
52797450
31733770
42219530
115886090
126382090
42280970
42240010
42250250
42219530
42291210
52766730
52756490
42291210
42260490
42209290
42250250
42240010
63272970
42291210
42260490
52776970
31764490
52838410
52756490
63344650
31774730
42280970
42321930
63313930
63293450
42260490
31764490
52776970
42280970
52797450
52797450
84336650
63324170
42301450
42240010
42301450
63334410
42229770
63324170
52797450
42291210
52725770
42280970
73779210
42280970
42280970
63293450
42260490
63324170
42301450
42280970
63334410
42250250
42280970
42250250
42250250
42301450
42332170
42260490
42270730
42240010
52766730
63242251
63221771
115804171
63242251
63262731
52746251
63252491
52736011
52756491
94822411
42250251
42250251
52746251
52776971
73809931
42260491
52746251
63283211
42291211
52746251
63242251
52736011
52776971
52746251
52766731
42229771
63293451
42260491
63283211
52736011
42229771
63283211
63313931
84275211
42270731
42260491
42240011
52797451
42270731
73789451
42280971
63283211
42250251
63283211
52756491
42240011
52797451
31744011
42291211
42219531
73840651
42229771
42240011
52766731
42229771
42240011
73789451
52776971
42270731
52797451
42270731
42301451
63313931
42260491
52766731
42260491
42240011
42280971
42250251
42270731
52766731
42250251
31723531
42291211
42240011
42332171
42219531
42260491
42280971
52756491
42250251
63293451
42270731
42270731
42240011
42291211
63262731
42270731
42209291
52787211
63303691
52787211
52766731
31744011
42250251
42280971
42280971
42229771
42270731
42291211
52776971
42280971
42270731
31754251
42311691
42280971
42291211
42240011
42219531
42280971
42270731
42301451
63313931
42280971
42311691
42280971
42260491
52828171
31754251
52817931
52776971
42301451
42250251
42240011
42260491
52756491
52787211
31744011
63242252
52715532
84285452
52725772
73738252
63201292
52715532
52746252
105379852
63324172
42240012
63303692
52725772
73779212
73779212
52746252
52797452
52787212
52736012
42240012
63272972
84336652
52715532
63324172
42270732
52736012
42240012
52746252
52776972
63262732
42250252
52797452
105359372
52787212
52725772
52807692
52817932
52807692
73809932
73809932
105318412
73830412
42250252
42229772
42219532
42229772
52787212
63283212
52756492
73768972
42240012
42219532
73779212
42311692
42229772
31754252
52807692
42229772
42270732
52746252
52715532
42250252
42250252
42301452
63313932
42280972
42240012
42301452
73768972
42250252
42260492
31744012
52787212
42240012
63283212
42240012
31723532
52787212
52756492
42229772
52787212
42219532
42260492
42260492
42311692
63283212
63303692
73809932
42280972
63303692
42240012
42270732
52776972
42260492
42270732
42280972
42270732
42280972
73850892
42250252
63272972
42250252
42229772
42280972
42270732
42311692
42280972
42219532
52828172
52725772
42291212
52797452
31754252
42260492
42270732
52705292
42229772
31774732
42270732
52776972
42291212
42260492
42291212
52776972
42260492
52807692
42199052
42229772
73789453
63272973
52715533
63293453
84316173
63272973
63242253
63293453
52715533
52746253
52756493
63211533
52807693
42250253
52797453
52807693
84275213
42229773
63262733
52766733
63283213
52787213
42240013
73799693
42229773
52736013
73799693
63283213
52756493
42240013
52776973
52797453
52756493
42280973
73697293
52705293
42240013
52725773
63252493
42240013
42240013
63272973
52787213
42209293
52787213
52797453
42280973
42270733
52746253
42270733
52787213
42250253
42250253
42250253
42219533
42260493
52828173
52766733
31764493
31744013
63354893
42260493
42188813
42240013
63283213
42250253
52817933
52776973
63303693
42240013
63313933
42250253
63334413
42229773
42229773
52787213
42209293
52746253
52797453
42260493
52787213
42291213
42229773
73809933
73748493
31733773
94842893
42311693
42250253
31774733
42219533
52766733
52776973
42250253
31764493
42280973
63303693
42250253
42280973
52766733
84326413
42250253
52797453
42250253
42260493
42280973
73830413
52787213
63324173
42270733
52797453
42280973
63344653
31723533
63293453
52776973
31744013
52776973
63293453
42250253
42260493
52746253
52787213
52817933
42240013
52797453
42280973
42301453
52746254
105236494
42219534
63221774
84336654
52766734
52766734
52807694
73779214
73799694
52766734
52787214
52838414
63242254
63303694
63272974
52736014
52746254
52756494
52746254
52797454
42250254
63232014
52736014
94791694
73809934
52797454
63293454
73809934
42240014
42270734
84316174
63262734
63272974
52776974
42280974
52736014
52817934
42219534
84305934
52776974
52766734
52756494
52797454
42270734
52776974
52807694
52766734
73768974
52756494
42240014
73789454
31774734
52776974
63283214
42260494
52787214
42291214
42240014
42270734
42250254
52766734
42199054
52766734
42270734
52817934
42240014
42250254
63313934
42250254
52797454
63283214
52807694
52797454
52787214
42301454
52838414
52736014
42229774
52797454
52807694
42250254
42250254
42240014
52807694
42240014
42270734
52776974
31754254
52828174
52787214
31784974
42270734
42291214
42270734
42270734
63313934
42301454
42260494
42280974
52746254
42301454
42291214
42270734
63283214
42270734
42270734
52776974
31713294
52766734
42240014
52746254
52787214
52787214
42270734
52797454
31723534
42301454
31764494
42260494
42260494
42250254
31784974
42280974
52797454
42342414
42280974
84418574
63262735
63262735
63232015
52705295
63242255
84316175
73768975
63303695
63283215
63303695
94832655
52756495
52715535
94781455
63272975
52756495
73871375
84264975
42250255
52746255
42260495
105349135
52776975
42270735
42270735
115865615
52695055
52756495
52787215
63303695
42270735
42270735
84326415
63283215
42250255
42280975
73809935
63252495
42291215
42250255
63313935
63303695
52756495
63324175
42250255
42250255
42229775
42280975
31723535
42260495
42270735
52910095
52776975
63334415
84326415
52787215
63272975
52787215
52797455
63262735
42250255
42219535
42291215
42250255
42240015
31764495
52797455
52797455
42280975
52797455
42280975
52756495
63221775
42311695
42291215
84326415
42260495
42250255
52756495
63303695
42280975
42229775
42280975
31692815
63293455
42240015
42291215
31764495
42311695
42270735
31784975
42301455
42311695
42260495
42311695
52807695
42280975
52797455
42270735
42270735
52797455
42321935
42270735
84357135
52797455
52787215
52746255
63313935
31754255
42280975
52807695
52807695
52838415
42280975
52776975
42280975
42291215
42260495
52766735
42291215
42301455
31815695
52746255
52797455
42260495
42260495
42219535
42250255
84203536
52756496
63334416
63293456
63272976
63272976
52746256
52715536
52756496
52746256
52746256
42260496
52736016
63293456
63283216
63303696
73820176
52787216
52756496
73830416
52715536
42270736
63283216
52787216
52776976
63293456
52756496
52736016
52736016
42240016
42229776
52776976
63344656
42209296
52776976
52766736
63272976
94801936
42229776
52746256
52787216
42240016
42250256
42280976
42260496
52746256
42260496
63293456
63272976
73830416
42270736
52807696
52766736
42270736
52848656
42270736
31754256
52725776
52787216
73789456
42280976
42270736
42240016
42260496
42260496
31733776
42280976
31795216
42291216
42219536
42291216
42270736
42280976
42291216
52797456
52756496
31764496
42219536
63283216
52807696
52797456
42219536
52787216
31754256
42240016
52766736
42250256
42219536
52766736
42270736
42260496
42270736
73799696
42240016
42250256
31733776
52807696
42240016
42260496
42270736
73830416
31754256
42240016
42260496
52797456
52766736
42280976
42291216
63283216
42291216
42270736
52797456
31754256
42270736
42321936
52787216
63293456
73881616
42291216
42291216
42270736
52766736
73850896
42280976
42301456
42270736
42260496
42301456
73809937
52746257
94935057
52756497
63283217
52746257
63293457
52776977
63313937
52766737
52766737
42209297
63354897
52776977
52756497
52746257
73820177
52776977
73840657
52725777
52776977
94894097
52776977
52776977
52787217
52756497
52766737
52766737
84285457
52787217
52715537
42270737
52756497
52766737
42240017
105277457
42219537
42240017
42270737
63283217
73799697
52695057
52756497
42209297
42229777
52705297
63313937
42270737
63303697
42291217
73820177
42240017
42240017
42270737
63303697
42250257
63303697
52797457
42270737
31764497
42321937
42291217
42270737
52797457
52776977
42250257
31754257
63262737
42250257
31754257
31744017
42291217
52817937
42301457
52756497
31774737
42291217
31764497
73830417
42260497
42260497
42250257
31733777
42240017
42240017
63272977
73809937
42250257
31754257
42209297
52807697
42280977
42219537
42250257
31744017
31754257
42250257
42280977
42291217
52766737
31795217
42270737
42280977
63293457
52776977
42270737
31784977
52766737
42311697
73850897
42301457
42260497
42260497
31733777
52828177
31774737
52787217
42229777
52776977
31754257
63313937
42291217
42321937
42250257
42250257
42250257
52776977
42291217
63252498
73871378
63272978
63211538
63262738
52756498
63232018
63211538
73799698
63283218
73758738
63252498
42229778
94853138
63272978
73820178
94812178
63262738
42250258
63221778
52756498
42240018
52797458
42301458
73789458
52766738
63283218
52776978
52807698
52715538
42209298
63283218
52756498
42260498
42209298
52746258
42260498
42250258
52807698
42250258
31774738
42270738
63324178
52736018
42280978
42229778
73840658
52766738
42229778
52776978
52807698
42229778
52797458
105318418
42270738
42250258
42250258
63283218
52766738
42250258
31733778
52766738
63283218
42260498
42301458
42270738
42250258
52797458
63303698
42270738
94894098
63313938
42250258
31784978
42260498
31733778
63252498
63283218
52838418
31764498
42250258
31744018
52787218
31795218
42240018
63293458
52766738
63344658
42240018
63283218
52787218
63283218
52828178
42229778
73850898
42291218
42240018
63293458
31754258
42240018
42291218
73820178
42332178
42270738
31754258
42270738
42270738
63303698
31723538
52725778
31784978
52746258
52787218
31774738
42250258
42260498
52848658
52756498
52787218
52766738
42280978
42280978
42301458
42240018
42240018
42332178
84326418
52828178
63272979
84264979
73738259
73881619
63313939
73799699
63272979
52695059
63293459
63232019
52756499
84254739
63293459
63293459
52746259
63293459
42219539
73768979
52725779
42229779
84316179
52787219
52756499
42260499
52766739
42260499
84326419
52807699
52736019
52725779
63272979
52776979
73799699
52807699
63272979
42270739
42260499
42240019
42240019
52705299
52725779
63303699
42250259
63293459
52787219
42280979
63252499
42270739
52797459
42240019
52756499
42250259
52756499
63252499
31774739
42260499
52746259
31733779
63283219
42250259
42291219
63303699
52766739
42250259
42240019
42240019
42250259
52807699
52776979
31764499
42250259
42260499
42270739
52807699
52725779
42301459
52797459
31744019
52776979
42280979
52776979
63272979
52756499
52807699
52787219
42291219
52787219
52787219
42260499
126320659
42321939
52766739
42291219
52715539
42250259
42260499
42260499
42311699
42250259
42321939
63313939
42240019
63272979
42321939
31754259
42270739
52828179
42270739
42270739
42270739
52787219
42250259
42260499
31744019
42250259
31723539
42301459
42291219
31733779
52776979
42270739
42240019
52807699
63313939
42311699
31733779
31774739
52787219
73799700
73789460
52756500
94883860
52766740
84336660
63272980
126433300
63303700
63272980
94873620
52807700
63252500
52787220
52807700
52776980
52725780
52776980
52746260
52725780
52756500
42219540
105400340
52797460
52766740
63293460
42240020
42209300
73840660
63283220
84254740
63272980
52787220
63262740
31733780
84316180
73809940
52797460
63334420
52776980
42229780
52817940
42229780
52797460
63252500
42229780
42260500
52766740
73799700
63262740
42260500
52797460
42240020
31754260
42250260
52756500
42301460
42240020
63313940
42250260
31764500
73779220
63293460
52776980
42240020
42260500
42250260
31764500
84295700
42291220
42250260
52776980
73789460
42260500
42270740
63334420
84285460
52787220
42250260
42260500
31744020
42332180
52787220
42240020
42229780
52736020
42260500
42240020
42291220
42250260
42260500
42219540
73799700
52756500
31744020
63324180
52787220
42291220
63272980
52787220
52797460
42280980
42280980
42240020
42240020
42250260
63303700
42270740
63344660
31774740
42301460
52766740
52858900
42260500
42250260
42260500
42321940
31754260
73840660
42270740
52807700
42250260
42250260
42280980
42270740
42270740
52797460
31764500
63313941
63252501
105318421
63252501
63232021
94914581
63293461
63262741
63211541
63272981
52725781
63272981
52746261
52715541
94863381
63344661
84357141
52776981
52756501
42229781
84336661
52756501
42250261
42250261
52766741
52776981
42270741
42291221
63262741
115804181
73799701
52776981
105297941
42219541
115804181
31733781
42229781
84326421
94781461
42209301
42260501
42270741
42229781
73840661
63283221
52766741
52776981
31733781
52756501
63283221
42240021
105308181
42260501
42240021
42260501
42219541
84367381
42270741
42240021
52807701
42260501
52766741
73799701
42270741
42270741
42250261
42240021
42280981
31733781
42291221
42240021
63313941
42301461
42229781
52746261
42229781
73768981
52807701
73820181
42270741
42260501
42291221
42270741
42301461
42240021
52797461
31774741
42250261
52797461
31733781
42260501
42240021
42240021
52848661
42229781
42250261
63375381
63293461
42240021
42332181
31764501
42291221
52776981
42270741
42270741
52776981
42270741
73830421
73881621
42332181
42270741
42291221
42250261
42270741
42250261
42291221
42301461
42240021
52797461
31733781
31774741
63283221
42301461
52756501
52828181
31754261
52807701
31744021
63272982
63252502
73789462
84285462
52797462
52756502
73758742
63303702
73830422
52746262
63293462
73779222
52746262
52705302
73809942
73758742
52756502
73840662
42240022
52746262
52807702
52787222
105349142
63293462
52736022
73789462
42229782
52746262
94812182
105318422
73789462
52736022
42240022
52787222
52766742
31713302
52807702
42250262
42209302
94771222
52715542
52766742
52776982
42260502
52797462
52797462
52736022
42260502
42291222
42250262
52797462
42270742
52787222
73779222
42291222
52776982
42301462
31723542
42280982
42250262
52838422
42270742
52756502
42250262
52807702
42270742
52736022
52797462
42250262
31733782
52797462
42229782
42280982
42321942
42209302
52787222
63313942
42270742
42291222
42260502
52787222
63272982
73799702
31754262
42280982
42270742
42260502
31744022
42270742
52787222
42250262
52776982
42301462
52746262
52828182
63283222
52776982
52797462
42260502
42301462
42270742
42280982
42240022
63344662
52736022
42280982
42291222
42250262
42280982
52787222
52756502
42291222
42301462
42291222
52756502
52817942
63293462
42301462
31744022
63293462
52776982
52838422
42270742
52828182
52776982
94883862
42270742
42280982
63262743
84244503
73779223
63283223
115957783
73768983
63201303
94801943
52715543
94853143
52838423
52746263
52746263
63242263
63293463
52776983
63303703
105379863
63262743
63324183
52746263
63262743
52776983
63313943
63313943
73861143
73779223
52746263
52766743
63334423
42260503
52776983
42270743
63242263
52776983
52756503
52787223
42291223
73758743
73789463
73779223
52766743
52787223
42229783
52756503
42229783
63303703
42260503
42240023
42219543
42280983
42280983
42270743
52776983
63303703
42209303
52776983
52766743
42209303
42240023
42280983
42270743
73809943
42240023
63313943
105287703
94873623
52776983
42280983
42291223
42321943
63262743
42270743
42280983
42291223
42240023
42270743
52787223
42240023
52807703
63293463
105349143
52828183
42260503
42280983
63324183
42260503
42311703
52787223
31805463
42280983
42270743
52776983
42229783
42280983
52756503
52828183
52766743
42291223
52776983
42250263
42301463
42301463
42270743
42280983
52828183
63303703
42250263
52776983
42240023
42240023
42270743
42291223
42270743
42229783
42280983
63313943
31774743
31774743
31744023
42291223
31784983
63272983
52776983
52776983
52817943
63303703
31744023
73799704
73789464
63252504
73768984
84275224
73779224
178831384
63283224
94832664
63303704
52746264
52787224
63303704
52725784
94822424
52746264
73840664
63303704
63232024
52776984
73779224
63293464
52715544
52715544
42219544
73799704
63283224
52736024
63324184
63334424
42209304
42240024
63303704
63262744
52807704
42250264
52746264
63324184
52797464
42250264
94781464
52807704
42250264
31784984
42291224
52725784
42260504
52797464
84285464
52776984
42280984
52766744
42260504
63324184
73789464
42270744
42250264
42240024
42301464
63293464
94801944
31825944
52828184
31733784
42280984
42209304
73850904
63272984
63283224
52756504
52817944
52766744
42291224
42291224
31754264
42301464
52787224
42260504
94863384
42229784
52797464
42291224
42311704
63344664
42301464
42291224
52746264
42260504
42270744
42260504
42280984
52787224
42342424
73738264
52787224
52797464
42291224
42270744
31764504
42291224
63313944
42280984
42250264
42270744
73779224
42229784
84336664
52756504
52787224
42311704
52797464
42332184
63293464
52848664
42280984
42240024
52807704
52756504
42240024
52797464
31784984
31764504
42219544
31764504
63354904
42250264
94914584
31795224
73789465
63303705
73779225
63262745
84367385
84275225
73820185
73830425
73830425
63252505
73799705
73789465
63272985
63232025
63262745
63252505
42219545
52725785
52756505
52766745
52725785
73820185
84316185
63272985
63272985
52746265
42229785
63272985
63313945
52746265
42209305
52787225
94842905
63313945
42260505
52736025
52797465
42229785
42240025
52776985
52766745
73830425
42250265
52776985
63283225
52787225
42260505
73789465
52838425
63283225
52776985
52766745
42260505
52807705
63283225
42260505
42291225
31713305
63272985
42240025
42260505
42188825
42250265
63262745
42250265
31764505
31784985
31733785
42280985
63313945
42270745
42229785
31784985
42291225
63283225
42270745
52787225
42250265
52797465
42240025
52756505
52930585
42260505
31754265
42250265
73799705
52797465
42250265
42291225
52756505
42260505
52776985
42270745
42260505
42301465
42250265
42311705
42250265
42250265
42250265
63303705
52776985
52889625
63303705
31744025
63303705
63283225
31764505
52838425
42260505
84377625
52776985
42280985
42250265
42229785
52787225
52817945
63334425
31744025
31733785
42250265
63303705
31764505
52787225
42270745
52776985
42250265
42301465
73789466
63252506
84295706
63262746
63221786
94863386
63262746
63293466
73779226
63252506
63232026
84326426
63313946
84336666
63272986
63252506
52787226
63262746
94832666
63293466
63272986
73779226
52756506
52776986
52725786
52787226
52766746
52756506
52766746
73789466
42229786
52776986
52736026
73779226
52746266
52787226
52807706
63272986
52766746
42240026
52746266
52807706
73799706
63303706
94822426
63242266
52776986
42250266
52807706
63283226
63324186
42260506
42240026
31744026
42250266
42240026
52756506
52797466
52766746
52756506
52787226
52756506
63283226
31723546
42260506
42229786
63293466
42280986
42311706
52797466
42270746
42270746
52787226
31733786
52776986
52756506
63262746
42291226
42270746
52766746
52807706
31774746
31744026
84305946
84285466
52766746
42209306
73758746
42260506
42209306
42260506
52797466
105308186
42250266
42250266
52797466
42260506
63344666
31723546
42280986
52817946
84316186
42270746
42280986
42250266
31733786
63283226
31754266
42311706
42270746
52787226
52776986
73861146
42229786
73799706
31754266
42321946
42260506
73830426
42260506
52776986
42321946
31754266
42321946
52828186
52776986
42301466
42229786
84244507
84326427
84295707
84285467
63303707
73738267
73789467
73779227
63262747
115875867
52746267
63293467
63283227
52776987
52756507
52725787
52766747
94894107
52725787
126300187
42250267
63232027
73809947
84285467
73768987
52776987
42229787
63293467
94781467
42229787
63242267
63324187
52766747
42240027
73789467
63252507
52736027
42240027
42199067
63252507
73861147
94801947
42229787
63344667
84295707
42250267
42240027
52766747
31774747
42240027
52736027
52776987
52776987
42250267
63262747
42260507
42250267
42260507
42250267
42270747
52776987
52817947
42250267
52787227
73768987
42270747
52797467
42291227
42291227
42270747
31774747
52776987
52807707
63272987
52756507
42260507
42219547
42260507
52766747
63293467
84357147
42250267
31713307
42250267
63293467
42250267
31754267
42250267
42260507
42260507
42199067
52807707
42250267
31713307
52766747
52787227
42270747
52817947
42219547
42260507
52817947
31754267
42260507
42270747
42311707
31774747
52807707
52817947
42260507
31784987
52787227
42260507
42260507
42280987
42260507
42301467
42301467
63293467
63334427
52807707
42280987
42260507
52766747
42240027
73840667
52787227
52776987
42291227
84316188
63242268
73779228
84285468
115824668
63211548
73789468
52715548
63283228
63221788
73748508
94853148
63221788
73779228
63262748
52746268
63262748
63272988
52746268
63303708
73799708
52736028
73809948
52756508
63283228
84316188
52746268
52756508
52725788
52797468
63262748
52756508
84316188
52766748
73820188
42260508
52807708
52756508
42240028
52746268
42270748
63272988
42219548
63262748
52766748
73809948
42270748
52766748
42260508
73820188
42229788
52797468
52715548
63324188
42229788
42280988
42291228
63252508
42270748
52746268
63324188
52817948
42250268
52797468
42250268
73768988
42270748
52746268
63303708
52787228
63303708
42250268
31774748
42188828
42270748
73789468
52766748
63303708
42260508
52787228
52776988
52776988
42240028
31754268
42280988
52756508
84316188
31764508
42229788
42270748
52756508
52746268
42280988
63252508
52766748
42219548
52817948
52756508
52817948
42240028
52797468
52766748
31754268
52807708
42291228
42301468
42301468
42260508
31733788
42260508
31764508
63303708
42270748
42270748
63262748
52736028
63324188
42260508
42291228
31733788
42270748
52787228
52787228
42270748
31744028
52807708
42280988
63283228
105349149
73758749
63252509
84295709
63252509
94791709
94781469
63252509
52715549
73758749
63211549
63272989
73748509
105297949
63262749
63262749
94791709
42209309
63262749
63293469
73748509
42209309
63262749
63252509
63272989
52725789
52787229
52746269
63303709
94791709
52776989
52756509
42260509
52746269
52736029
63293469
52828189
42260509
73789469
42270749
84275229
42240029
63293469
31713309
52766749
52776989
42240029
52736029
94781469
52797469
42229789
84295709
42250269
52776989
42250269
42240029
31754269
42240029
52756509
42270749
42260509
42209309
52787229
52828189
84326429
42270749
42229789
52756509
42260509
63272989
42229789
63252509
63334429
42270749
31723549
52817949
42250269
31733789
42250269
52797469
42260509
42250269
42250269
31774749
31764509
42280989
63283229
84305949
31744029
42229789
42250269
105359389
52756509
42219549
63272989
52776989
42280989
52817949
42280989
73809949
63303709
52746269
21237789
52746269
63283229
31723549
42219549
52756509
42270749
42270749
52736029
42291229
52848669
52766749
42250269
42260509
31774749
31784989
42260509
52797469
42260509
63272989
42280989
42270749
42280989
63354909
42260509
63283229
84367390
73748510
63232030
63262750
94801950
63252510
63221790
63272990
84244510
84275230
52746270
63242270
115824670
63232030
84275230
63272990
52725790
73768990
42240030
42229790
73830430
84264990
52766750
63232030
52776990
52736030
63262750
52776990
52776990
42280990
52746270
73789470
52746270
52725790
52828190
42219550
52797470
94801950
73809950
42240030
63283230
42229790
63293470
84336670
52807710
42280990
63293470
63313950
42250270
42219550
52756510
52756510
42280990
42260510
31754270
42250270
42260510
52787230
52766750
31723550
42219550
52756510
42280990
42280990
42250270
52776990
31774750
42250270
94822430
63313950
52746270
42270750
63252510
42250270
52766750
52817950
52807710
63242270
31733790
42291230
42250270
42250270
63283230
52787230
42209310
42301470
42270750
52746270
52746270
42301470
31703070
31703070
52746270
52766750
42240030
52817950
42250270
52725790
31744030
31713310
42270750
42270750
42188830
52797470
42270750
52787230
52746270
31754270
42291230
52787230
42260510
31723550
42260510
52776990
31723550
63293470
42270750
42291230
52838430
73779230
42250270
42291230
42260510
42250270
63313950
42260510
63283230
42301470
84305951
73758751
63262751
73768991
94853151
52725791
52725791
73830431
94781471
84316191
63252511
63262751
52715551
63262751
42209311
63272991
63272991
115855391
73789471
63262751
73799711
52797471
52797471
52746271
84295711
63262751
52746271
52746271
63262751
52746271
42280991
94771231
42270751
42240031
42199071
52817951
52797471
52756511
63283231
63334431
52756511
42240031
42209311
52756511
42260511
73850911
84316191
42291231
42260511
52766751
52797471
63303711
31764511
42280991
31764511
52807711
42219551
42270751
42240031
42280991
42280991
52776991
42240031
42240031
42291231
52766751
73789471
42291231
52787231
42219551
42291231
52807711
52797471
52766751
52766751
52787231
52766751
94863391
42250271
31774751
52817951
42209311
42250271
42321951
31795231
42301471
31754271
52787231
52817951
31744031
31733791
52756511
31744031
84367391
63262751
42250271
63272991
42311711
42270751
52776991
52797471
42250271
52776991
31805471
42270751
42250271
52736031
63303711
52807711
42270751
52787231
42260511
52766751
31774751
42240031
42270751
42250271
42250271
42280991
52807711
52725791
84295711
42280991
63272991
31723551
42229791
42260511
42270751
