 11
 10
 10
 7
 10
 7
 7
 10
 7
 9
 7
 7
 7
 8
 6
 7
 6
 6
 9
 7
 5
 4
 11
 11
 7
 6
 7
 5
 6
 4
 7
 5
 6
 10
 7
 8
 8
 3
 6
 5
 4
 3
 7
 5
 7
 4
 7
 3
 8
 2
 2
 5
 7
 5
 4
 6
 7
 1
 2
 3
 4
 6
 8
 4
 5
 3
 5
 5
 4
 5
 5
 3
 1
 4
 0
 1
 1
 4
 2
 2
 0
 1
 1
 2
 3
 0
 1
 0
 3
 1
 3
 1
 4
 1
 0
 1
 2
 3
 2
 2
 5
 4
 2
 2
 3
 1
 1
 2
 1
 4
 1
 4
 3
 3
 1
 6
 7
 3
 5
 5
 5
 4
 2
 2
 5
 4
 5
 1
