 10
  9
 11
  8
 11
  7
  9
 10
  8
 13
 11
 11
 10
  9
 12
  9
 13
 12
  9
  8
  9
 11
 11
 14
  7
  4
 13
 11
 11
  7
  6
 11
 11
  0
  8
  9
 11
  8
  5
 10
 10
 11
 10
  4
  8
  6
  5
  8
  7
  7
  4
 11
  5
  8
  8
  8
  9
  8
  7
  6
 11
  7
 11
 10
  4
  9
  7
  8
  1
  7
  4
  0
 12
  9
  5
  8
  7
 10
  4
  8
  5
  6
  4
 11
  5
  7
  6
  4
  9
  6
 10
  7
  0
  0
  6
  5
  8
  6
  8
  8
  6
  2
  7
  8
  5
  2
  6
  4
  6
  6
  3
  7
  8
  5
  7
  1
  8
  0
  9
  4
  5
  4
 11
  9
  2
  6
  6
  2