11
 11 
 14
 15
  8
 10
  7
 10
 14
 11
 11
 11
 13
 10
 12
 10
 11
  9
 10
 11
 12
 10
  7
 12
 11
 11
  5
 10
 12
 12
  8
  6
 10
 12
 13
 11
  9
 12
  4
  7
 10
 10
  8
  7
  8
  9
  1
  7
  9
  6
  8
  6
  0
 12
  6
  5
  1
  1
  2
  8
  6
 10
  7
  9
 10
  2
 12
  1
  8
  1
 10
  7
 12
 10
  4
  2
  2
  7
 11
 10
  7
  5
  5
  2
  5
  7
  8
  7
  2
  0
  8
  2
  5
  5
  5
  6
  7
  5
  4
  3
  8
  0
  7
  7
  6
  6
  7
  1
  6
  7
  6
  9
  7
  8
  1
  4
  2
  7
  9
 12
  5
  5
  9
  8
  3
  9
  0
  1 