 5
12
 6
13
11
15
10
 6
14
 9
11
12
12
14
 2
10
 7
 9
 6
10
10
11
14
12
11
14
 3
 9
11
 9
10
13
11
 6
11
12
10
10
 7
 9
10
15
10
13
 4
 7
 8
14
 8
 5
10
 9
11
 7
 9
10
11
 6
 8
10
 4
 6
11
13
 0
 0
 7
 9
10
12
 6
 9
 9
 6
10
13
 8
10
 6
 6
 8
 8
 8
 0
 8
 1
 9
 4
 5
 5
 3
 7
 9
 6
 7
 4
 6
 0
 0
 5
10
 5
 3
11
 3
 5
 4
 8
 5
 5
 7
 5
 5
 8
 1
 4
 5
 1
 8
 6
 9
 6
 4
 1
 7
 5
 8
 5