 14
 15
  6
 12
  9
 14
 12
 12
 11
  6
 12
 14
 12
  9
 10
 12
 12
 10
  8
 12
  9
 13
  8
  9
 10
 12
  6
 11
  8
 12
 13
  9
  7
  6
  9
  8
 12
  9
  8
  8
 10
  6
  8
  9
 10
  9
  5
 13
  8
 13
  2
 13
 13
  9
 14
 12
  7
  8
  9
  8
  7
  5
  4
 11
  8
 10
 11
  9
 10
  9
  9
 11
 14
  8
 10
  5
 14
 10
  7
  9
 11
  6
  6
  6
  9
  7
  5
  8
 12
  6
  4
  5
  7
 10
  9
  5
  6
 12
  8
  7
  5
  6
  8
  8
  5
  7
  6
 10
 11
  6
  7
  5
  2
  5
  3
  6
  7
  2
  8
  2
  5
  2
  8
  7
  6
 10
  6
 9