12
14
 7
14
13
15
15
13
 0
11
14
11
14
 9
10
12
 7
 9
13
11
11
 6
13
 7
13
12
13
13
10
12
12
 8
 0
 8
12
 6
 6
 4
 5
 5
 5
 3
11
13
13
13
 7
 7
 9
 9
14
11
 7
 8
12
13
 6
11
 9
 7
12
10
12
 6
 4
10
10
 6
 9
10
 9
11
 7
12
 4
11
14
 7
 7
10
 7
14
10
10
 6
 6
 6
 0
 6
 4
11
 8
 8
 8
 6
 7
 7
 5
 0
10
 7
 9
11
 6
 6
 4
 7
11
 2
10
 6
 5
 7
10
 9
12
11
 6
 4
 6
 6
 7
 7
 4
 9
 2
12
 9