10
 8
15
15
 8
10
10
14
15
15
 9
13
 6
12
 8
 9
10
15
 9
10
 7
 9
12
 8
14
14
 8
 9
11
11
11
 8
13
13
15
14
12
12
10
13
12
 9
 8
15
 9
 6
 8
 8
10
 9
 8
10
10
10
15
10
 4
 9
10
13
 3
11
15
11
 2
11
 5
 7
 5
10
 6
11
 3
11
11
 7
13
10
 4
 8
 6
 6
12
 4
10
12
 0
 2
 8
10
10
 7
 5
10
 6
 7
 4
 9
 5
 8
 2
 9
 5
 7
 6
 8
 1
 6
 0
 7
 6
 6
 0
11
 5
 3
10
 5
 1
 8
 7
 8
 5
 3
 7
 4
 5
 5