12
 5
15
15
 9
13
13
11
10
13
13
13
 5
15
10
11
14
13
13
13
 8
11
12
11
 7
 6
10
 9
10
14
12
 6
10
11
11
 9
 9
 6
14
 5
11
10
12
10
11
 9
 6
 9
 9
10
11
 7
13
 8
 7
10
 8
 7
14
 8
 7
10
14
 9
 9
 6
10
10
 4
11
 7
 7
 4
 8
 7
 7
 2
11
10
 5
 6
10
10
12
 6
11
 8
 6
 9
 4
 7
 7
 6
 6
 8
 6
 2
 6
 7
 9
 9
 6
 6
 8
 5
 5
 9
 7
12
 8
 9
 8
 7
 4
 7
 4
13
 7
 9
 9
 9
 9
 8
 5
 5
 2
 6
 0