13
12
13
15
14
 7
11
11
10
 6
 8
12
15
13
 8
12
 7
13
11
11
13
 5
10
10
11
 0
15
11
 8
 6
11
 8
 4
 9
11
 9
 8
10
 9
12
 6
 8
10
 6
 8
12
11
11
14
12
11
 6
10
 6
 3
 8
10
 7
 4
 9
10
12
 7
10
11
12
 6
 7
 5
 7
 6
 9
 8
 5
 6
 3
10
11
 9
 6
 9
12
 8
15
 7
12
 6
 9
 3
 9
 8
 7
 5
10
 3
 3
 5
 7
 8
 9
 6
 4
 6
 0
 5
 7
 8
 3
11
 6
 5
 4
 3
 6
 6
 7
 5
 6
 8
 6
 4
 4
10
 2
 8
10
10
 9