12
 14
  9
  9
 12
 13
 14
 15
 11
 13
 13
 12
 15
  8
  8
  8
  8
 10
 13
  6
 15
 10
 11
  7
  9
  8
 11
 13
 12
 13
 14
 10
  4
 15
 10
 10
 11
  6
 13
 13
  9
 14
 13
  6
 13
 13
 10
  6
  9
  3
 11
  7
 11
 11
  2
  8
 11
 11
  8
  6
  8
  9
 12
 13
  7
 13
  6
  7
  6
 13
  8
  8
  7
  9
  4
 10
 10
 13
  8
  5
  3
 12
  5
  9
 10
 10
  9
 13
  6
  7
  7
  8
  5
 10
  7
 11
  3
 10
  7
  8
  1
 10
 10
 10
  4
  7
  6
  4
  6
  7
  6
  5
  7
  4
  2
  4
  4
  0
  3
  5
  6
  6
  0
  7
  4
  9
  9
  5