12
14
 9
14
10
15
 9
11
11
12
10
15
 8
11
13
14
 7
11
 4
13
11
 6
12
10
11
 9
10
10
 7
 8
13
11
11
 9
13
 8
15
12
 8
 9
 7
15
11
15
13
15
 3
 9
 5
 8
 4
12
12
11
 6
13
 6
 7
10
12
 7
 7
 9
 7
 8
11
11
 8
12
11
13
 8
 4
 6
 8
11
 7
10
 2
10
10
12
12
10
12
 8
 6
10
10
14
 4
 6
11
11
 8
10
10
 7
 5
 6
 6
 6
 8
 4
 8
 7
 6
 7
 4
 0
 4
 7
 6
 9
 3
 6
 5
10
 9
11
 3
 6
 1
10
10
 8
 4
 5