12
12
14
15
10
14
13
15
 8
15
11
11
15
 7
13
 9
 5
12
11
14
10
13
11
 8
 7
12
10
10
 6
13
15
 9
13
11
15
10
10
13
 7
14
11
11
 5
13
 8
12
 2
 9
13
 9
 6
12
 8
 5
 8
11
 9
 5
10
13
13
 9
 8
 9
 8
10
 9
 6
 4
10
 0
 6
 9
 6
 8
12
 9
 6
 4
10
10
10
 5
 7
10
 6
 8
 3
 9
 7
 6
 6
 3
12
 0
 5
10
 3
 8
11
 7
 2
 2
 9
10
 6
 6
 4
11
10
 6
 9
 5
 8
11
 8
 1
10
 5
 8
 6
 7
 5
 9
 9
 0
 0
 2