13
14
13
10
12
13
10
15
11
13
13
14
11
 9
13
 8
15
12
15
14
 7
10
13
15
10
14
 6
 8
12
11
 8
 9
 6
 6
 9
10
10
10
13
14
14
 8
12
 6
 7
 9
10
 9
 7
13
11
11
10
11
11
11
12
13
 8
12
 8
 5
10
12
11
13
11
 5
 8
11
 9
 7
 9
 5
10
 6
 4
13
 8
 7
 6
 9
 8
 4
 5
 5
 7
 6
 9
 0
 3
 6
 5
10
10
 8
 9
 5
 9
 3
 3
10
 7
 3
 9
 8
 2
 8
 8
 8
 9
 7
 6
11
 9
11
 3
 5
11
 4
 5
10
 4
 4
 4
10
 7
 6