 5
 5
 10
 8
 10
 4
 9
 6
 9
 8
 8
 6
 8
 6
 7
 6
 8
 9
 11
 6
 8
 7
 6
 4
 6
 7
 9
 13
 5
 4
 3
 2
 4
 6
 7
 5
 8
 5
 4
 6
 4
 9
 4
 4
 5
 6
 7
 3
 5
 6
 7
 4
 6
 6
 4
 6
 4
 4
 5
 6
 7
 2
 3
 1
 5
 3
 6
 5
 6
 10
 4
 3
 2
 4
 6
 3
 2
 2
 5
 4
 4
 5
 2
 3
 4
 2
 3
 0
 2
 2
 2
 0
 4
 6
 5
 3
 1
 2
 1
 0
 2
 2
 1
 1
 3
 3
 2
 4
 2
 1
 2
 7
 6
 6
 3
 3
 3
 1
 1
 2
 4
 1
 5
 3
 0
 6
 3
 1
