13
10
13
 4
 5
 6
11
11
10
11
 6
15
13
 9
13
12
10
 8
12
10
11
12
 9
11
13
10
13
 9
 9
 8
 8
11
13
12
 8
13
 9
13
12
13
11
10
 5
12
12
11
 3
 8
 6
 7
 9
 7
 4
 3
 8
11
 5
 6
 4
10
 4
 5
 7
 9
10
 7
10
 6
12
10
 7
 4
 5
 9
10
 4
 8
 7
 9
 5
12
 6
 8
 8
 5
 9
 8
 2
 9
 3
 5
12
 5
 7
 3
 4
 2
10
 5
 5
 1
 6
 7
 6
 5
 4
 9
 3
 2
 5
 7
 0
 8
 5
 5
 6
 5
 9
 7
 5
 7
 4
10
 7
 4
 6
 6
 1