15
 13
 13
  6
 13
  9
 14
  6
  8
 12
 10
 10
 15
 10
  8
 10
 14
 13
 14
 13
 12
 15
  8
 11
 11
  9
 14
 15
  6
  9
 11
 12
  8
 11
 14
  4
  9
  6
  6
  8
 14
  6
 13
  9
 10
 13
 13
 11
  7
  9
 12
  9
 12
 10
 11
 11
  3
 10
  4
 11
  9
  7
  6
 11
 10
 12
 11
  8
  4
  7
  9
  9
  6
  6
  9
  2
  4
  5
 10
  9
 12
  6
  8
 11
 10
 10
  9
 11
  5
  9
 10
 12
  4
  9
 10
  2
  7
  6
  8
  7
  5
  7
  5
 10
  8
  8
  4
  6
  1
  8
  4
  8
  0
  5
  7
  8
  2
 11
  1
  7
  4
  8
  7
  5
  8
  5
  4
  7