15
 14
  8
 13
 15
  8
 13
  9
 13
 15
 15
 13
 12
 15
  7
  4
 10
 10
 14
 14
 12
 13
 15
 11
 10
 12
 13
 11
 11
  4
  8
 10
  6
 15
  5
 15
 13
  7
  7
 15
 10
  9
 14
  4
  7
 10
  8
 13
 10
  7
 12
  6
 10
 11
 12
 12
  3
  9
 11
  7
 11
 10
  6
  8
 11
  6
  9
  9
 13
  7
 10
  6
  6
 12
 10
 10
  8
  6
  4
  9
 10
  7
  9
  6
 11
  9
  7
 11
  4
 13
 10
 11
 10
  2
 12
  9
  0
  4
 11
  0
  7
  4
  8
  7
  9
  6
  8
  2
  0
  3
  7
  4
  9
  8
  7
  4
  4
 10
  4
 11
  7
  5
  5
  7
  2
  8
  4
 11