 12
 12
 13
 12
  9
 13
 15
 11
  6
 14
 10
 13
 13
 15
  7
 12
 10
  3
 14
 12
 10
 12
  7
  9
 12
  6
 14
 14
  7
  8
 11
 14
 11
  9
 11
 15
  6
 12
 15
  8
 12
  9
 12
 12
  9
  6
 12
 11
  8
 12
  8
  9
  8
  8
  7
 10
  8
 14
  6
 10
  3
  9
 11
 11
  5
  9
 11
  7
 12
 12
  6
 10
  9
  2
 14
  8
  6
  8
  8
  8
  7
  9
  5
 11
  7
  8
  9
 12
  8
  6
  9
  8
  4
 10
  3
  7
  7
  5
  8
  5
  8
  6
 10
  0
  9
  5
  5
  8
  6
  6
  8
  4
  3
  5
  8
  2
  4
  3
  8
  3
  4
  1
  7
  2
  6
  0
  6
  6