 15
 13
 14
 14
  8
 11
 15
  5
 15
  7
 13
 14
 13
 11
 13
 12
  9
  5
 11
 10
 13
  9
 12
  8
  4
  2
  8
 14
  7
  4
 12
  9
  9
 11
  9
 12
  8
  8
  9
  9
  7
 11
  7
 12
  9
 12
  6
 11
 14
 12
  8
  8
 10
  8
  7
 14
  9
 10
 14
 10
  7
  8
  5
 11
  5
  6
  0
  8
  8
  7
  4
  7
  7
  6
  6
 10
  8
  7
 12
  5
  4
  0
  3
  8
  6
  2
  8
  5
  7
  5
  7
  9
  8
 11
  7
  9
  3
  6
  5
  6
  9
  5
  3
  8
  7
  2
  2
  9
  7
  9
 10
  7
  6
  8
  8
  6
  3
  7
  7
 10
  6
  6
  6
  6
  5
  3
  2
 10