 8
 12
 14
 13
  8
 12
  8
 13
 10
 12
 13
 11
 13
 15
  4
 12
 10
 10
 14
 12
 12
 10
 15
 14
 15
  8
  9
 11
  5
  5
 15
 13
  7
  9
  6
 13
 12
  8
  6
 12
  8
  7
 11
 12
  9
 12
  9
  7
  7
  7
  9
 11
 10
  4
  6
 10
 13
 11
  7
  7
  4
  6
  5
 13
  8
 13
  0
  8
  8
  9
  6
 10
  7
  9
 10
  5
  7
  9
  0
 12
  7
  7
  2
  3
  3
  6
  9
  6
  6
  9
  6
  6
  1
 10
  3
  5
  8
  6
 10
  7
  2
  5
  8
  9
  7
 10
  0
  8
  5
  2
  6
  3
  4
  0
  7
  9
  3
  8
 10
  4
  6
  9
 10
  8
  0
  7
  0
  4