12
 10
 12
 13
 10
 11
 10
 15
  9
 13
  8
 10
 12
 12
 15
 12
 15
 14
 14
 11
 12
  4
 11
 10
 10
  9
 13
 10
  4
 13
 15
 11
  4
  6
 10
 12
  8
 13
 12
 10
  8
  5
 11
  8
  7
  8
 11
  7
  2
  8
 10
 10
 12
  8
  9
 12
  8
 15
  6
 11
 11
 15
 11
 10
 10
 10
 11
 11
  8
  5
 10
 11
  8
  6
  7
  4
  7
  9
  7
 12
  9
  3
  8
  9
  9
  3
  4
  9
  5
  9
 10
  7
  9
 11
  2
  8
  5
 10
  8
 11
  4
  8
  0
  5
 10
  2
  5
  6
  2
  8
  0
  6
  6
 11
 10
  5
  5
  1
 10
 11
  8
  3
  7
  7
  8
  6
  9
  3