12
 12
  9
 15
 14
 10
 12
  9
 11
 13
 13
 12
  8
  7
 11
 15
 11
  9
  7
  9
 10
 11
 12
  8
 14
  9
 12
 12
 11
  8
 13
 10
 12
 10
 13
 10
  9
 10
 10
 12
 12
  8
  6
  7
  4
 10
 11
 10
  5
  8
  3
 12
 11
 13
 10
 12
  9
  6
  9
  9
  9
 11
  8
 13
 11
 12
  6
  6
  9
  5
  8
  8
  6
 13
  8
  8
  9
  8
  7
  9
  3
  7
 10
  4
  6
  8
 12
  9
  9
 14
  8
  6
  3
  9
  9
  6
  9
  0
 12
  7
  4
  3
  9
  5
  8
 13
  4
  9
  5
  7
  7
  6
  1
 11
  3
  8
  5
  8
  1
  9
  7
  3
  8
  3
  1
  7
  6
 10