13
  7
  9
  9
 12
 10
  8
 12
 11
  3
 12
  8
 10
 11
 15
 13
 14
  8
 14
  8
 12
 14
  8
  8
 11
 10
 12
 11
  8
 14
 12
  6
 14
 14
  8
 10
 13
 14
 15
 11
  3
  5
 13
  5
  8
 11
  8
 10
 10
 11
 12
  9
 10
 10
  9
 11
  9
 11
 12
  9
  7
  4
 10
  8
  7
  9
  7
  7
  5
  8
  8
  7
  5
  6
  8
 11
 11
  7
  8
  4
  0
 11
 13
 10
  6
 11
 10
 10
  9
  9
 14
  5
  7
 12
  7
  6
  8
  5
 12
 10
  4
  9
  9
  9
  3
  8
  4
  3
 10
  8
  6
  8
  8
  7
  8
  3
  7
  6
  0
  2
  6
  8
  9
  8
  0
  8
  6
  5