10
 15
  9
 14
  7
 15
 10
 13
 11
 15
 11
  9
 14
  9
 13
 14
 10
  8
 13
  8
  9
 12
 10
 11
  9
  9
 13
 11
 13
  6
  8
 14
  5
 11
  5
 11
  7
 10
 10
 10
 10
  7
 13
  9
  9
  7
 10
  7
 12
  3
 12
  6
 14
  6
 12
  8
  7
 12
 10
 10
  3
  6
 11
  6
  9
  8
  9
 10
  5
  7
  3
  9
  7
 15
  9
  5
  8
  4
 10
  6
  9
  6
 10
 10
  9
  8
  3
  9
 12
  9
  9
  9
  8
  7
  8
 10
  2
 10
  5
 11
  4
  7
 11
  5
  5
  6
  5
  7
 10
  8
  8
  4
  5
 10
  6
 10
  3
  9
  6
 10
  7
  4
  4
  6
  9
  2
  7
  5