 7
 12
 11
  9
 12
  9
  8
 11
 14
 10
 14
 10
 12
  7
 10
 11
  8
 15
 12
  8
 13
 15
 10
 11
  6
 11
  9
 11
  8
  6
  9
 10
 11
 10
 11
  6
  4
 10
  6
  8
  8
 11
  5
 14
  9
  8
 12
 11
  7
  6
 13
  5
 11
  9
 11
 12
  9
 11
  8
  6
  7
 14
  7
  5
  0
  8
  8
  8
  7
  7
 13
  9
  2
  8
 14
  5
  8
 11
  9
  5
  8
 10
 10
  7
  8
  6
  8
  4
  9
 11
  9
  0
  6
 11
  8
  7
  7
  2
  7
  3
  5
  7
 12
  8
  7
 14
 10
  7
 10
  8
  9
  6
  0
  6
  9
  7
  7
  7
  5
  7
 10
  6
  6
  6
  7
  0
  8
  4