 8
11
13
11
 2
 8
 5
 9
 9
13
11
 7
 5
 5
 8
11
 4
12
12
13
11
13
10
10
 7
 9
14
12
12
11
13
 9
11
10
11
 2
10
11
 7
 4
 8
12
10
 9
13
 3
 6
13
10
 5
10
11
 3
 8
12
 7
 0
 4
 8
10
 3
 8
10
 8
 3
10
11
 7
12
 7
 4
11
 0
 6
 5
 2
 5
 8
 5
 9
 5
 3
 3
  3
 10
  4
  8
  7
  8
 13
  9
  7
  4
  3
  8
  5
  5
 10
  7
  6
  6
  8
  5
  6
  6
 10
  4
 12
  0
  3
  0
  2
  2
  5
  4
  2
  7
  8
  6
  7
  2
  2
  4
  8
  8
  7
  1
  4