12
 13
 14
 13
  7
 13
 14
 10
 10
 10
 13
 13
  2
 11
  9
  9
 14
 10
 14
 13
  4
 11
 10
 12
  7
 13
 11
  6
  7
  9
 11
  7
 11
 13
  6
 12
  6
  8
  4
 13
  9
 12
  5
  3
  5
  7
  6
  3
  8
 13
  9
 10
  7
  8
 11
 11
  9
  8
  9
 12
 12
  7
  9
  7
 12
  6
  9
  8
  0
  4
 11
  8
  9
  7
  9
  5
  4
 11
 12
  6
  9
  9
  7
  4
 12
  6
  6
  7
 10
  7
 14
 14
  9
  8
 10
  2
  9
 11
 11
 12
  8
  8
 15
  5
  7
  7
  8
 10
  6
  6
  7
 12
  9
  5
 11
  3
  8
  6
  5
  5
 11
  6
  9
  9
  3
  7
  6
  5