 7
 12
 11
 13
 10
 15
 15
  5
 10
  6
 10
 10
 14
 10
 15
 12
  8
  9
  7
 10
  7
  9
 12
 13
  6
 11
 12
 15
 12
 11
 11
  8
 10
 12
 15
  4
  7
 10
  8
  3
 11
 12
 13
 10
  7
  0
  4
  9
 10
  8
  6
  6
  9
  7
  8
  7
 10
  9
 10
  9
  5
  7
  8
 10
  7
  8
  6
  5
  3
 11
  6
  5
  4
  9
  7
  8
  8
  0
 10
  9
  5
 12
 11
  4
  7
  6
 11
  6
  2
 11
 12
  7
 11
  0
  9
 10
  6
  5
  6
  7
  6
  9
  8
  6
  9
  9
 11
  4
  4
  6
  6
  9
  8
  9
 10
  6
  9
  9
  8
  1
 13
  6
  5
  4
 11
 10
 10
  7