11
10
10
11
14
14
 7
 6
15
10
12
10
10
 6
10
11
12
 9
 9
14
11
10
13
13
10
11
12
13
 8
 9
13
13
10
 2
12
11
 9
10
 4
 6
11
13
 8
 8
10
10
 9
 9
12
 9
10
 9
13
 4
 9
 7
 0
 9
 5
 7
 9
 3
 7
14
 4
 9
 8
10
 9
 6
 7
 2
 9
 7
 9
 7
 7
 5
 4
 8
 8
 7
 7
 6
 9
 0
 9
 6
 5
 8
11
 5
 3
 2
 7
 9
 8
10
 6
 9
 2
 5
 1
 0
 3
 6
 7
 8
 8
 6
 6
 7
11
 8
 7
 3
 9
 5
 8
11
 6
 5
 8
 5
 0
 7
 4
 1