11
 7
 9
13
10
 8
 5
10
14
12
13
11
 2
13
 8
12
13
12
11
13
10
 8
10
10
 8
11
11
 9
 9
 7
 9
 5
 8
 5
13
 9
12
 5
 7
 9
 6
10
 6
11
 8
13
11
13
13
12
11
12
 9
 9
10
 8
 8
 4
 9
 8
11
 6
 7
11
12
12
10
 8
 8
10
12
 8
11
 3
 8
10
 8
10
 2
 6
 7
 8
 4
 7
 6
 4
 8
 9
 6
 9
12
 9
 3
 2
10
 5
 7
 8
 9
 8
12
 4
10
 8
 8
 3
 5
 7
 8
10
 2
 4
 7
 8
 5
 1
 6
 7
 5
 6
 7
 5
 4
 3
 6
10
 6
 3