 11
 15
 14
 13
 10
 12
 14
  8
  6
 12
 11
  4
 15
 10
 10
  7
 13
 14
 10
 14
 13
  9
 10
 12
 11
 11
 13
 11
 12
  7
 10
 11
 14
  9
 11
  1
  5
 12
  1
 12
  3
 14
  9
  5
 14
 12
  7
 11
 11
  1
  9
  8
  5
 13
  8
  4
 11
 11
  8
  7
 12
  7
  6
 11
  9
  8
  6
 10
 13
  8
  6
  8
 10
  9
 11
  9
  8
  8
  9
  5
  8
  4
 10
 12
 10
  3
  0
  6
 12
  8
 10
  9
  3
  2
  4
  8
  7
 10
  8
  4
 12
 10
  9
  8
  5
  2
  7
  9
  2
  6
  6
  4
  8
  3
  5
  0
  4
  5
  8
  6
  7
  2
  7
  4
  7
  2
  4
  3