13
10
14
 9
12
 5
 7
15
15
13
15
 0
11
10
12
10
15
10
13
15
15
12
13
13
10
13
 8
 9
 2
 9
 8
 4
 8
 8
 9
13
14
 9
10
 7
 9
 9
 9
 9
 6
11
 8
11
 8
 4
10
 7
 7
12
 9
 7
11
 7
14
 8
10
14
 2
10
 8
 6
 0
 9
 8
 7
 7
10
 4
 7
 8
 7
12
 7
 7
 9
 8
 7
 7
 9
 9
 7
 9
 6
 7
10
12
 9
 0
10
 0
 8
 7
 4
 9
 6
 6
10
11
 9
 5
10
 8
11
 8
 8
 7
 7
 5
 8
 9
 9
 5
 5
 5
 0
 3
 8
 0
 7
 9
 1
 4
 0