10
14
11
 2
 7
13
 8
15
 9
11
 9
 7
 7
 9
 9
 6
12
13
 9
10
14
14
 7
 9
11
 7
13
 7
12
 6
 7
 9
 9
12
14
11
 4
 9
12
12
 4
 5
10
 8
12
 6
 6
12
 3
 6
13
 8
11
 5
10
 5
13
 6
 6
 9
 2
13
14
11
 7
 8
 3
 7
 8
10
 9
13
 3
 9
10
 6
 7
 6
 5
 1
10
11
 3
 9
 8
 9
 1
 7
11
11
 8
 8
11
 9
 2
 9
 5
 9
 1
 5
 5
 6
 4
10
 4
 7
 8
 7
 3
 7
 3
 5
 4
 3
 3
 0
 4
 7
 1
 6
 0
 6
 8
 1
 7
 5
 4
 4