15
15
 6
13
15
15
 5
 9
10
15
15
11
 8
12
15
 7
14
13
12
10
 9
11
 6
 9
12
11
10
12
15
 5
12
 9
15
 7
 7
 8
10
13
 6
12
12
 7
15
 8
10
 8
11
 8
11
10
 6
10
13
 5
 5
 9
13
 9
13
 5
 7
11
 7
 6
10
 8
 9
13
 5
 8
 1
10
 5
 7
10
 7
10
10
 6
10
 9
 7
 5
 6
11
10
 8
10
 4
 4
 7
10
 6
 5
 7
 0
 8
 8
 8
 6
 0
 7
 5
 5
 0
 5
10
 7
 4
 9
10
 7
 5
 7
 0
10
 6
 0
 7
 1
 5
 1
 4
 3
 7
 5
 1
 7